w [*] :=
1   0.0223387
2   0.00851146
3  -0.115882
;

gamma = -0.221805

s [*] :=
  1 0.662782      126 0.0605322     251 0.207291      376 0.498513
  2 1.56664e-09   127 0.763366      252 1.48777       377 0.203341
  3 2.14735       128 2.24948       253 1.0886        378 1.21985
  4 0.312441      129 0.170509      254 0.246902      379 0.93364
  5 0.156347      130 1.35655       255 1.44622e-09   380 1.7501e-09
  6 1.35699       131 0.965627      256 5.85942e-10   381 1.22005
  7 2.27164       132 8.66345e-10   257 1.73803e-09   382 0.143419
  8 1.53155       133 1.29748       258 1.59561e-09   383 0.171618
  9 1.14109       134 1.34444       259 2.79117       384 0.789259
 10 2.36386       135 1.81657e-09   260 0.430766      385 1.51624e-09
 11 1.7496e-09    136 0.495953      261 2.24877       386 1.61526e-09
 12 0.189163      137 0.854753      262 0.0447242     387 0.409782
 13 1.49269       138 0.119628      263 0.584923      388 2.23514
 14 0.94689       139 0.639426      264 2.29378       389 1.46103
 15 2.39446       140 1.77745e-09   265 1.03488e-09   390 6.08576e-10
 16 1.78213       141 2.27431       266 1.70734       391 1.81926
 17 1.40063       142 0.0540341     267 1.77241e-09   392 1.43254e-09
 18 1.21344       143 1.41249       268 0.0712907     393 0.494266
 19 1.4366        144 8.8758e-10    269 0.903037      394 1.15872
 20 0.241777      145 1.35196       270 1.49543       395 1.46927
 21 1.50409       146 2.44694       271 1.84857       396 1.48209e-09
 22 0.377583      147 0.091949      272 1.22052       397 1.17958
 23 0.322634      148 1.41782       273 0.98174       398 7.98412e-10
 24 1.45149       149 1.45413       274 0.261743      399 1.3309
 25 0.0292357     150 1.79689e-09   275 1.64358e-09   400 1.94916
 26 1.10868       151 1.61944e-09   276 1.41761       401 1.07154
 27 0.991186      152 0.806143      277 6.38392e-10   402 1.14617
 28 1.75332       153 0.0477873     278 2.30064       403 0.0803318
 29 5.8235e-10    154 0.636049      279 0.650718      404 1.31985
 30 0.658104      155 0.328161      280 0.54424       405 0.0513642
 31 6.39925e-10   156 0.690124      281 1.71292e-09   406 1.51794e-09
 32 1.43215       157 0.350368      282 1.19343       407 1.08048
 33 1.78551e-09   158 0.648798      283 1.78798e-09   408 1.9007
 34 0.569882      159 0.082363      284 0.985247      409 1.57077e-09
 35 1.21867       160 0.278664      285 6.0101e-10    410 1.44412
 36 1.3288        161 1.18486       286 0.319732      411 1.35728
 37 0.578792      162 1.17358       287 1.95905       412 0.948696
 38 1.4953e-09    163 0.46529       288 1.43214       413 0.402515
 39 0.964         164 0.330077      289 1.5243        414 0.367589
 40 2.70391       165 0.982793      290 1.42451       415 0.552406
 41 1.04936       166 2.58361       291 1.0104        416 2.46585
 42 0.497718      167 0.0650904     292 9.49714e-10   417 1.93806
 43 0.257092      168 1.18708       293 0.0998925     418 1.30773
 44 0.236981      169 0.316078      294 8.80364e-10   419 0.65638
 45 0.932931      170 5.99972e-10   295 1.7127        420 1.21477
 46 0.798275      171 1.31551       296 5.96383e-10   421 1.4349
 47 2.11145       172 1.43145       297 0.808515      422 2.61266
 48 2.10596       173 1.6977e-09    298 0.288454      423 1.05771
 49 7.8257e-10    174 1.50759       299 1.58195       424 2.39658
 50 0.747537      175 1.01215       300 1.31183       425 1.5137
 51 0.540737      176 1.6538        301 1.2283        426 1.29191
 52 1.67904       177 0.562043      302 1.4374        427 2.49667
 53 0.429126      178 0.694384      303 2.15112       428 5.89116e-10
 54 0.794357      179 1.4106        304 1.4371        429 1.26139
 55 0.150147      180 1.7945e-09    305 1.6079e-09    430 1.83622
 56 8.54558e-10   181 1.57087e-09   306 1.94303       431 1.03726e-09
 57 1.3866        182 2.46875       307 1.14534       432 0.178877
 58 9.3676e-10    183 0.350802      308 1.37973e-09   433 0.547618
 59 1.57846e-09   184 0.338384      309 0.909802      434 2.38776
 60 0.162964      185 2.1999        310 0.477426      435 0.593723
 61 9.95723e-10   186 0.00368756    311 2.40278       436 6.25231e-10
 62 0.120774      187 0.149479      312 6.34805e-10   437 0.930819
 63 1.2901        188 0.965782      313 0.0199164     438 0.886111
 64 1.47353e-09   189 1.63314e-09   314 1.40936e-09   439 2.07557
 65 1.12156       190 1.78838e-09   315 0.364711      440 0.0635713
 66 1.51285e-09   191 1.57738e-09   316 2.83356       441 1.39979
 67 2.72277       192 0.324549      317 0.793954      442 0.27363
 68 5.64563e-10   193 0.584671      318 1.11507       443 0.356976
 69 0.443405      194 1.80232e-09   319 1.46548       444 1.51401
 70 1.43043e-09   195 1.19067       320 1.40564       445 0.489477
 71 0.244432      196 1.16883       321 2.24443       446 1.58929e-09
 72 0.594047      197 1.53336       322 6.16329e-10   447 1.75509e-09
 73 0.383332      198 0.616577      323 1.29703       448 0.251188
 74 2.56894       199 0.0409915     324 1.64489e-09   449 1.0162e-09
 75 1.08351       200 1.84024       325 1.2834        450 8.83183e-10
 76 0.922434      201 0.21468       326 0.61942       451 1.10516
 77 1.3578        202 1.4363        327 1.43685       452 1.20818
 78 1.49589       203 0.537062      328 1.3814        453 0.53692
 79 5.95088e-10   204 1.0846        329 1.54567e-09   454 0.484084
 80 9.26379e-10   205 3.8412e-09    330 1.36034       455 0.375747
 81 0.841844      206 2.43581       331 0.0664482     456 0.486036
 82 0.0131728     207 1.27929       332 0.0314785     457 2.69631
 83 1.24227       208 0.176704      333 1.26526       458 0.424977
 84 0.986116      209 2.31318       334 5.88967e-10   459 0.0995448
 85 0.152373      210 0.878718      335 1.11627       460 1.45263
 86 1.48296       211 1.51523e-09   336 1.57086e-09   461 1.05625
 87 0.467109      212 0.58233       337 0.743256      462 1.48625e-09
 88 0.885722      213 0.0169616     338 0.263423      463 1.49362
 89 1.7215e-09    214 0.414207      339 0.045739      464 0.908456
 90 0.944         215 1.46271e-09   340 0.119632      465 1.15432
 91 2.15063       216 0.591624      341 1.35312       466 1.12787
 92 5.89866e-10   217 1.36591       342 1.02877       467 2.46007
 93 1.16603       218 1.72183       343 6.55318e-10   468 1.33922
 94 1.27921       219 1.36217       344 1.49284       469 9.78445e-10
 95 0.56964       220 0.114381      345 0.0252629     470 0.486445
 96 2.66139       221 1.06655       346 0.296981      471 2.57451e-09
 97 0.909721      222 1.63069       347 0.0159063     472 1.73736
 98 0.858253      223 1.76918e-09   348 9.72517e-10   473 0.472117
 99 1.55916e-09   224 0.374664      349 1.61061e-09   474 5.80829e-10
100 1.36687       225 9.11376e-10   350 1.21774       475 0.645848
101 1.09516       226 1.23044       351 1.39458       476 0.153539
102 1.25173       227 0.0800317     352 7.83342e-10   477 0.134877
103 6.82382e-10   228 1.40123       353 0.109995      478 0.706571
104 0.700953      229 0.973744      354 8.42238e-10   479 0.399235
105 1.53966e-09   230 1.67827e-09   355 2.35614       480 2.6567
106 0.170616      231 0.0415432     356 1.1102        481 0.0576889
107 1.29317       232 0.327492      357 0.567795      482 0.483627
108 1.39265       233 2.68287       358 0.289594      483 0.185657
109 1.51021       234 0.657286      359 1.6855        484 1.29019
110 0.670075      235 0.523368      360 1.32773       485 1.45222
111 0.0689519     236 0.0906321     361 0.650864      486 0.0755726
112 0.904033      237 0.42228       362 0.0921331     487 1.39211
113 0.251168      238 1.26696       363 1.77512e-09   488 1.82357e-09
114 0.445161      239 0.399462      364 0.0102986     489 5.71719e-10
115 2.99356e-09   240 1.36313       365 2.34173e-09   490 0.265584
116 0.669089      241 0.972115      366 0.871706      491 1.68126
117 0.287642      242 1.27857       367 2.62494       492 1.44653
118 0.505847      243 1.40791       368 1.51115e-09   493 0.163582
119 1.40781e-09   244 1.53488e-09   369 0.757968      494 0.925744
120 7.15565e-10   245 1.09413       370 2.56633       495 0.731747
121 1.53259e-09   246 0.103339      371 6.45017e-10   496 1.49631e-09
122 6.6356e-10    247 0.156536      372 1.43325       497 0.508663
123 6.0193e-10    248 0.114279      373 0.378247      498 0.108459
124 1.57453       249 2.22563       374 0.393729      499 1.66315e-09
125 1.32927e-08   250 1.13629       375 0.431101      500 0.0883243
;

y_pred [*] :=
  1 -1    57 -1   113 -1   169  1   225 -1   281  1   337 -1   393 -1   449  1
  2  1    58  1   114  1   170 -1   226  1   282  1   338  1   394 -1   450 -1
  3 -1    59  1   115  1   171  1   227  1   283 -1   339  1   395  1   451 -1
  4 -1    60  1   116  1   172 -1   228 -1   284  1   340 -1   396  1   452 -1
  5 -1    61  1   117 -1   173 -1   229 -1   285  1   341  1   397 -1   453  1
  6 -1    62  1   118 -1   174  1   230 -1   286 -1   342 -1   398 -1   454  1
  7 -1    63 -1   119  1   175  1   231 -1   287  1   343 -1   399  1   455 -1
  8 -1    64  1   120  1   176  1   232 -1   288  1   344 -1   400  1   456  1
  9  1    65  1   121  1   177  1   233  1   289 -1   345 -1   401 -1   457 -1
 10 -1    66 -1   122  1   178  1   234 -1   290  1   346  1   402 -1   458 -1
 11  1    67  1   123 -1   179  1   235 -1   291  1   347  1   403  1   459 -1
 12  1    68  1   124  1   180 -1   236  1   292 -1   348  1   404 -1   460 -1
 13 -1    69  1   125  1   181 -1   237 -1   293  1   349  1   405  1   461  1
 14 -1    70  1   126  1   182 -1   238 -1   294 -1   350  1   406  1   462  1
 15  1    71  1   127 -1   183  1   239 -1   295 -1   351  1   407 -1   463 -1
 16  1    72 -1   128 -1   184 -1   240  1   296 -1   352 -1   408 -1   464  1
 17 -1    73  1   129 -1   185 -1   241  1   297 -1   353 -1   409  1   465 -1
 18  1    74 -1   130  1   186  1   242  1   298 -1   354 -1   410  1   466 -1
 19 -1    75  1   131  1   187  1   243  1   299 -1   355  1   411 -1   467  1
 20 -1    76  1   132  1   188 -1   244 -1   300 -1   356 -1   412 -1   468 -1
 21  1    77  1   133  1   189  1   245 -1   301  1   357  1   413  1   469 -1
 22  1    78 -1   134  1   190  1   246  1   302  1   358  1   414 -1   470 -1
 23  1    79  1   135 -1   191 -1   247  1   303 -1   359  1   415 -1   471  1
 24 -1    80 -1   136 -1   192 -1   248  1   304  1   360 -1   416  1   472  1
 25  1    81 -1   137  1   193 -1   249 -1   305  1   361 -1   417  1   473  1
 26  1    82  1   138 -1   194  1   250 -1   306  1   362 -1   418  1   474 -1
 27  1    83 -1   139  1   195 -1   251 -1   307  1   363 -1   419 -1   475 -1
 28  1    84  1   140  1   196 -1   252  1   308  1   364  1   420  1   476 -1
 29 -1    85  1   141 -1   197  1   253 -1   309 -1   365  1   421 -1   477 -1
 30 -1    86 -1   142 -1   198  1   254  1   310 -1   366  1   422 -1   478 -1
 31  1    87 -1   143 -1   199  1   255  1   311 -1   367 -1   423  1   479 -1
 32 -1    88 -1   144 -1   200 -1   256 -1   312  1   368  1   424 -1   480 -1
 33 -1    89 -1   145 -1   201  1   257  1   313 -1   369  1   425  1   481  1
 34 -1    90  1   146  1   202 -1   258 -1   314  1   370 -1   426 -1   482  1
 35  1    91  1   147 -1   203  1   259 -1   315 -1   371  1   427  1   483 -1
 36 -1    92  1   148  1   204  1   260  1   316 -1   372 -1   428 -1   484 -1
 37 -1    93 -1   149 -1   205 -1   261  1   317 -1   373 -1   429 -1   485  1
 38  1    94  1   150  1   206  1   262 -1   318  1   374 -1   430 -1   486 -1
 39  1    95 -1   151 -1   207  1   263 -1   319 -1   375  1   431  1   487  1
 40 -1    96  1   152 -1   208  1   264  1   320  1   376 -1   432 -1   488 -1
 41 -1    97  1   153  1   209 -1   265  1   321  1   377 -1   433  1   489 -1
 42 -1    98 -1   154  1   210  1   266 -1   322  1   378  1   434  1   490  1
 43  1    99 -1   155  1   211  1   267  1   323  1   379  1   435  1   491  1
 44  1   100 -1   156  1   212 -1   268  1   324  1   380 -1   436  1   492 -1
 45  1   101  1   157 -1   213  1   269 -1   325  1   381  1   437 -1   493  1
 46  1   102 -1   158  1   214 -1   270  1   326 -1   382  1   438 -1   494  1
 47 -1   103  1   159 -1   215  1   271 -1   327  1   383 -1   439  1   495 -1
 48 -1   104 -1   160  1   216  1   272 -1   328 -1   384 -1   440 -1   496 -1
 49  1   105 -1   161 -1   217  1   273 -1   329  1   385  1   441 -1   497  1
 50 -1   106  1   162 -1   218 -1   274 -1   330 -1   386  1   442 -1   498 -1
 51 -1   107 -1   163 -1   219 -1   275 -1   331  1   387  1   443  1   499 -1
 52 -1   108  1   164  1   220 -1   276  1   332  1   388  1   444  1   500  1
 53 -1   109  1   165  1   221 -1   277  1   333  1   389  1   445 -1
 54 -1   110 -1   166 -1   222 -1   278  1   334 -1   390  1   446 -1
 55 -1   111  1   167  1   223 -1   279  1   335 -1   391  1   447  1
 56  1   112 -1   168 -1   224 -1   280 -1   336 -1   392 -1   448  1
;

accurracy/m*100 = 59.8

