param nu := 1;
param m := 1000;
param n := 3;

param A_train:
	1	2	3 :=
	1	-5.852	10.897	-8.042
	2	-3.223	14.265	-10.259
	3	3.453	15.682	13.346
	4	11.185	13.818	7.316
	5	5.601	1.836	12.375
	6	5.937	6.988	-1.495
	7	1.414	14.986	-11.289
	8	3.264	16.972	6.850
	9	11.639	18.332	-3.095
	10	-3.414	11.839	7.798
	11	-1.432	2.531	-10.654
	12	3.810	8.641	13.549
	13	11.982	6.122	5.839
	14	7.353	12.115	11.247
	15	-9.486	7.834	0.084
	16	5.052	3.764	-2.453
	17	6.576	17.031	1.350
	18	-9.545	13.481	-0.540
	19	5.766	1.199	3.837
	20	7.557	16.874	11.396
	21	-9.523	13.544	-0.881
	22	-2.622	0.002	-10.571
	23	-6.241	2.057	5.865
	24	11.481	0.600	-4.520
	25	12.480	5.499	0.458
	26	12.267	12.251	3.665
	27	12.707	5.791	2.752
	28	-2.730	12.469	-10.322
	29	0.308	14.832	-4.524
	30	0.635	15.084	-4.381
	31	6.312	0.368	0.431
	32	12.155	19.242	-3.253
	33	-8.842	4.870	-4.440
	34	2.146	14.204	-11.024
	35	-7.572	20.269	5.328
	36	-5.991	16.415	6.676
	37	-8.023	14.378	3.940
	38	2.712	18.402	-4.656
	39	0.338	17.190	7.866
	40	6.315	10.117	1.408
	41	7.729	15.597	-8.986
	42	-6.713	2.817	-7.849
	43	4.601	5.839	-3.473
	44	2.654	16.292	-4.716
	45	12.136	20.226	5.469
	46	5.098	10.876	5.301
	47	5.335	12.168	-2.265
	48	-9.558	5.055	-1.030
	49	-9.607	5.711	-1.192
	50	1.032	5.298	7.708
	51	2.834	17.403	6.889
	52	12.181	0.471	4.549
	53	-8.212	11.624	-5.265
	54	12.871	5.520	0.608
	55	5.127	6.965	-2.566
	56	11.286	19.897	-5.178
	57	12.654	19.635	2.830
	58	9.262	8.841	9.701
	59	5.599	6.037	-2.456
	60	3.948	19.616	-4.019
	61	-6.339	15.367	5.667
	62	9.859	3.813	-6.919
	63	10.009	4.798	8.795
	64	11.696	6.218	5.259
	65	9.648	16.312	-6.790
	66	-0.508	13.403	-10.997
	67	-9.333	2.463	1.291
	68	-6.323	6.781	-8.441
	69	-8.304	18.435	-5.160
	70	11.019	5.333	-4.332
	71	-2.837	1.140	-10.747
	72	-5.938	2.769	6.489
	73	-4.195	10.372	-9.398
	74	6.030	8.418	2.500
	75	7.235	12.725	11.859
	76	6.265	8.704	0.504
	77	10.752	5.420	7.589
	78	-9.405	2.213	-1.225
	79	5.719	13.380	3.722
	80	3.295	12.025	-10.889
	81	1.996	4.565	13.946
	82	2.709	0.749	6.768
	83	2.613	19.988	-4.764
	84	1.709	19.263	13.810
	85	1.107	16.215	-4.651
	86	-9.461	14.436	-0.412
	87	-6.399	0.448	5.787
	88	-7.619	20.214	-6.596
	89	12.049	10.640	-2.678
	90	5.439	13.697	4.389
	91	-8.991	20.201	-2.899
	92	9.766	20.078	-6.655
	93	3.813	14.187	-4.118
	94	0.254	20.210	14.173
	95	2.488	1.658	7.049
	96	-5.647	16.744	6.274
	97	-8.855	13.504	-3.538
	98	5.464	18.981	4.113
	99	-5.811	2.423	6.277
	100	6.392	20.826	0.464
	101	6.294	15.408	-0.647
	102	5.943	0.506	3.264
	103	9.279	10.604	-7.003
	104	10.041	0.195	-6.421
	105	-9.541	17.185	-0.652
	106	-0.862	0.970	7.877
	107	3.371	17.478	-10.806
	108	11.265	20.631	6.730
	109	5.635	7.619	4.095
	110	9.334	1.245	9.874
	111	5.000	11.695	-2.707
	112	4.744	9.603	-3.285
	113	9.527	5.009	-7.278
	114	-8.009	16.285	4.102
	115	3.056	14.826	-4.337
	116	5.937	10.878	3.609
	117	5.317	15.857	4.721
	118	5.158	7.690	4.588
	119	1.976	13.389	-4.378
	120	-9.107	0.958	-3.283
	121	4.194	15.678	13.267
	122	0.007	12.130	7.964
	123	7.215	7.957	11.326
	124	5.112	20.864	-2.359
	125	5.499	15.941	-1.976
	126	-7.860	14.838	3.865
	127	7.894	12.590	-9.009
	128	-4.197	16.728	7.346
	129	-9.070	17.182	1.036
	130	-4.332	20.476	-9.610
	131	-9.452	7.658	-0.409
	132	-8.952	10.591	-3.602
	133	4.190	6.038	-3.701
	134	5.759	0.778	-2.071
	135	4.987	0.166	5.037
	136	-8.902	8.072	2.653
	137	-9.476	17.821	-2.789
	138	5.884	8.759	2.720
	139	-5.089	6.605	6.888
	140	6.358	1.104	-9.688
	141	5.977	11.113	-9.808
	142	11.979	1.635	5.610
	143	-3.266	18.550	-10.205
	144	5.465	8.067	12.792
	145	-7.393	18.084	-7.170
	146	-2.526	10.156	7.727
	147	4.813	12.060	-2.805
	148	-9.146	0.072	-3.314
	149	2.973	17.039	-4.778
	150	0.131	21.183	-4.577
	151	-7.555	12.353	-6.500
	152	12.004	7.988	4.713
	153	0.015	6.619	7.952
	154	1.407	7.801	14.043
	155	4.448	11.153	-10.631
	156	0.862	19.837	-11.458
	157	6.554	3.839	-10.047
	158	-4.077	13.711	6.953
	159	0.787	0.314	7.799
	160	2.785	16.691	-4.367
	161	3.237	2.924	-4.478
	162	3.673	4.225	6.327
	163	-8.916	6.775	-5.003
	164	0.557	3.677	-10.896
	165	4.367	2.049	5.648
	166	-1.434	0.525	-10.775
	167	2.879	5.642	7.072
	168	6.214	8.466	12.038
	169	-8.521	0.114	-3.541
	170	-8.344	15.440	3.416
	171	-7.623	19.635	-7.480
	172	3.503	9.358	6.597
	173	10.745	5.160	-5.522
	174	8.648	10.617	-8.011
	175	-8.379	3.133	2.089
	176	7.142	13.070	11.308
	177	2.264	13.801	-11.229
	178	-8.229	2.930	3.867
	179	1.494	6.110	-4.995
	180	5.531	12.607	-1.564
	181	6.987	17.215	-9.250
	182	0.339	10.236	-4.825
	183	11.120	18.839	7.214
	184	-9.201	18.933	-3.950
	185	-9.264	5.491	-2.440
	186	3.049	0.741	6.683
	187	6.044	17.425	3.217
	188	10.081	4.035	-6.302
	189	4.934	7.500	5.090
	190	1.793	5.947	-4.715
	191	4.506	14.737	-3.255
	192	4.855	11.498	5.377
	193	-0.778	17.520	7.950
	194	6.105	17.767	-9.809
	195	5.588	17.780	4.007
	196	0.040	1.570	13.729
	197	6.169	8.509	3.048
	198	1.131	18.505	7.992
	199	5.424	5.617	4.423
	200	12.521	8.034	1.714
	201	12.248	2.445	0.883
	202	11.096	11.882	7.481
	203	12.408	8.261	2.902
	204	-3.268	13.621	7.449
	205	-7.012	18.786	-7.547
	206	7.256	5.283	-9.101
	207	-9.438	10.067	-2.241
	208	11.445	15.938	6.802
	209	5.714	14.596	3.144
	210	10.298	8.563	8.968
	211	-8.885	1.006	-4.187
	212	3.509	15.008	-10.754
	213	-9.387	6.764	1.295
	214	1.843	18.474	-4.826
	215	2.034	19.417	6.855
	216	7.461	4.760	10.898
	217	-9.268	20.675	-1.994
	218	10.740	2.768	7.563
	219	0.323	1.349	-11.073
	220	-9.453	16.075	-1.169
	221	1.278	19.385	-4.847
	222	-2.794	5.095	-10.050
	223	6.514	16.931	-0.605
	224	-6.936	3.849	-7.029
	225	2.258	16.265	13.444
	226	-3.227	8.177	7.727
	227	-9.646	10.379	-2.537
	228	6.563	5.042	-9.211
	229	2.441	5.050	-4.382
	230	-7.786	9.264	-6.716
	231	0.120	7.470	-10.910
	232	-8.313	2.616	3.380
	233	-0.854	18.823	-10.915
	234	-7.156	17.465	4.184
	235	7.934	18.672	10.735
	236	4.188	0.231	-3.481
	237	1.958	15.209	7.918
	238	11.024	7.288	7.289
	239	-3.165	2.572	7.618
	240	-1.107	20.578	7.617
	241	4.156	7.005	5.734
	242	6.777	9.060	11.812
	243	-1.998	14.750	8.017
	244	6.451	16.879	-1.191
	245	-0.502	17.302	-11.253
	246	1.903	2.213	-10.975
	247	1.681	17.220	13.773
	248	-4.807	0.669	6.851
	249	-6.154	15.001	-8.363
	250	-8.290	20.186	3.665
	251	-7.223	9.945	-6.769
	252	-8.411	11.979	-4.888
	253	5.062	7.260	-2.998
	254	-9.325	14.491	-1.336
	255	6.448	15.748	1.835
	256	5.802	18.143	3.408
	257	10.872	17.598	-5.534
	258	-8.884	19.788	2.424
	259	3.692	19.541	-10.605
	260	-8.133	14.823	-6.470
	261	12.529	7.193	-0.225
	262	-2.919	17.800	7.928
	263	1.378	11.765	7.431
	264	5.760	0.462	-1.730
	265	11.696	8.717	5.390
	266	0.428	9.168	-10.696
	267	1.126	15.812	-10.952
	268	6.105	13.595	2.518
	269	10.840	6.120	-5.779
	270	11.890	5.815	-1.892
	271	-9.389	15.889	0.020
	272	6.403	19.144	1.822
	273	4.676	18.413	4.707
	274	4.562	14.400	13.067
	275	-2.763	13.378	-10.086
	276	5.836	20.999	3.522
	277	-3.771	2.398	-9.952
	278	-3.030	11.472	7.907
	279	4.513	9.737	-3.051
	280	2.701	4.987	6.937
	281	2.438	13.620	-10.565
	282	3.582	1.884	6.752
	283	0.375	18.101	14.117
	284	3.539	15.966	-10.786
	285	4.030	13.212	5.959
	286	2.700	12.851	-4.796
	287	5.752	18.726	-10.134
	288	-9.393	7.461	0.055
	289	-0.626	0.842	7.661
	290	5.981	17.476	2.694
	291	-8.390	0.423	-5.310
	292	6.991	13.793	-9.530
	293	-1.771	6.367	7.776
	294	0.568	7.091	-5.308
	295	-4.409	6.065	7.365
	296	4.673	2.191	-3.330
	297	11.004	19.396	-4.140
	298	3.440	1.059	-3.798
	299	1.422	12.068	-10.960
	300	-9.286	14.086	-3.321
	301	4.231	20.151	-10.308
	302	9.330	6.547	9.336
	303	0.930	1.762	13.895
	304	5.700	1.323	3.938
	305	4.287	7.576	5.218
	306	0.968	16.953	-11.438
	307	0.857	4.586	7.648
	308	-0.802	10.659	-11.106
	309	0.945	1.464	-4.473
	310	10.918	5.363	-5.129
	311	5.837	10.963	2.957
	312	12.400	4.595	-0.401
	313	5.019	11.674	-10.477
	314	12.882	8.961	2.472
	315	6.762	6.822	-9.446
	316	7.938	0.374	10.581
	317	-9.199	7.967	2.108
	318	5.064	8.134	4.262
	319	5.185	8.980	13.013
	320	12.514	15.366	-0.068
	321	-6.725	13.622	-7.977
	322	0.288	16.764	-4.674
	323	3.117	13.521	-3.968
	324	12.299	4.908	-2.283
	325	11.704	11.188	-3.590
	326	9.021	14.824	-7.893
	327	5.494	-0.152	-1.295
	328	-2.702	1.940	7.416
	329	-6.386	3.483	5.640
	330	5.651	6.784	-1.319
	331	-4.065	2.141	-9.871
	332	11.282	17.091	-4.068
	333	-4.080	0.528	7.166
	334	4.104	5.303	-3.725
	335	9.568	14.588	-7.689
	336	0.696	16.635	-11.125
	337	10.045	10.103	8.717
	338	-8.737	17.481	-4.490
	339	-1.502	10.973	8.041
	340	1.713	16.566	14.177
	341	-5.065	3.129	6.828
	342	-9.410	2.359	-1.104
	343	12.754	4.778	1.277
	344	5.628	7.772	-2.350
	345	5.913	11.647	4.195
	346	12.333	9.946	-0.342
	347	8.755	13.350	-7.533
	348	5.630	15.717	-0.314
	349	-0.991	19.835	-10.796
	350	-9.030	11.055	0.753
	351	7.352	14.190	-8.848
	352	6.139	16.751	3.587
	353	5.664	9.015	3.737
	354	-7.581	1.467	-6.867
	355	6.151	5.926	1.758
	356	5.292	20.741	12.277
	357	2.206	5.026	-10.824
	358	-8.870	13.520	-3.091
	359	1.811	16.737	14.016
	360	6.926	6.717	-9.245
	361	-8.468	6.563	-5.773
	362	0.776	4.616	-4.872
	363	-9.212	1.891	-0.467
	364	2.674	2.977	-11.070
	365	7.072	6.687	11.498
	366	-8.658	18.692	-4.768
	367	2.546	0.524	-4.367
	368	6.301	10.255	12.277
	369	3.651	3.036	6.737
	370	-5.033	11.921	7.086
	371	-1.235	17.676	-10.444
	372	-9.205	19.815	-3.170
	373	0.934	6.507	-4.712
	374	9.249	10.518	10.093
	375	1.118	17.953	-4.764
	376	-9.272	0.819	1.449
	377	-4.243	1.577	7.522
	378	3.060	1.983	-11.257
	379	9.692	18.489	8.874
	380	12.154	16.931	-1.403
	381	6.101	8.893	2.463
	382	12.206	0.466	1.090
	383	0.302	19.487	7.818
	384	9.328	16.803	9.831
	385	6.358	2.751	0.207
	386	-6.871	8.067	5.289
	387	-5.131	16.907	6.920
	388	-1.840	6.753	7.710
	389	1.797	2.898	7.475
	390	5.972	9.161	2.958
	391	5.693	1.045	12.214
	392	1.226	0.875	-10.804
	393	6.063	16.553	0.984
	394	3.483	13.374	6.459
	395	2.113	6.571	-4.527
	396	1.526	9.210	7.481
	397	6.255	19.017	-0.123
	398	0.700	1.667	-4.422
	399	-4.625	8.988	-9.739
	400	-2.018	19.387	-10.654
	401	8.644	19.901	10.057
	402	-0.479	8.513	-11.469
	403	2.831	3.298	-4.346
	404	3.814	8.499	13.553
	405	8.757	2.327	-8.047
	406	-9.308	10.391	1.407
	407	-2.444	17.259	7.660
	408	-6.832	7.269	-7.074
	409	4.303	2.977	-3.519
	410	-9.576	18.905	-2.312
	411	-0.066	5.645	8.100
	412	12.779	8.512	0.480
	413	9.597	13.889	8.972
	414	-8.229	4.749	3.150
	415	8.098	4.151	-8.401
	416	-0.096	20.865	-11.376
	417	-8.913	-0.207	-4.356
	418	0.120	18.731	-4.941
	419	2.812	19.973	7.039
	420	12.969	19.923	0.815
	421	5.755	9.650	-1.309
	422	12.267	9.439	2.870
	423	-8.717	3.463	2.634
	424	-0.156	13.042	-10.807
	425	-6.199	12.179	6.580
	426	7.801	16.569	-8.906
	427	-9.180	7.078	2.765
	428	1.954	13.562	-4.746
	429	-2.575	18.085	7.707
	430	-4.423	14.871	7.033
	431	-6.658	10.238	5.263
	432	3.484	11.330	6.608
	433	5.872	6.423	3.112
	434	5.488	11.396	12.543
	435	3.253	12.397	-4.556
	436	-1.454	18.075	-10.519
	437	1.954	9.057	7.501
	438	2.271	14.719	-4.697
	439	5.503	16.088	4.512
	440	-7.534	1.484	-6.394
	441	4.162	1.918	-4.105
	442	0.988	16.406	7.393
	443	11.463	6.897	5.977
	444	12.604	18.488	0.667
	445	-3.849	19.156	7.315
	446	6.217	10.275	2.180
	447	-9.246	17.505	1.783
	448	-2.742	5.794	8.084
	449	3.093	19.597	7.110
	450	-5.525	16.117	6.184
	451	-6.817	18.268	5.361
	452	1.958	10.887	-11.025
	453	-9.222	20.222	-3.096
	454	8.416	3.655	-7.778
	455	-9.291	8.323	1.768
	456	-5.836	0.922	-8.501
	457	4.119	8.368	5.795
	458	-4.230	11.242	-10.000
	459	-7.226	8.170	5.012
	460	6.394	9.620	1.078
	461	2.427	0.708	13.944
	462	1.132	13.414	14.141
	463	-6.664	18.306	5.289
	464	6.605	7.409	-0.056
	465	-0.458	7.176	-11.113
	466	9.077	11.605	-7.736
	467	7.179	20.899	11.604
	468	4.035	16.119	-3.497
	469	11.511	1.740	-4.873
	470	-9.522	16.356	-1.691
	471	5.496	18.946	4.306
	472	5.649	12.128	-2.341
	473	1.685	2.649	-4.731
	474	-3.804	12.442	-9.599
	475	11.129	3.190	-4.848
	476	8.015	17.699	-8.756
	477	0.031	19.561	-4.610
	478	6.012	0.203	-0.778
	479	10.993	16.745	-4.647
	480	10.977	20.501	-5.127
	481	10.777	7.337	-5.418
	482	11.457	14.245	-4.293
	483	3.153	-0.140	13.724
	484	1.758	11.917	-11.334
	485	-3.566	15.868	7.353
	486	5.002	1.838	-2.930
	487	-9.130	6.369	-3.633
	488	-8.951	17.546	-3.929
	489	11.194	1.582	-5.306
	490	-3.618	2.066	7.076
	491	6.179	6.344	2.476
	492	0.338	1.798	-11.413
	493	6.073	8.585	2.229
	494	3.588	4.961	-4.022
	495	-6.788	17.711	5.308
	496	10.714	21.095	7.766
	497	-7.302	6.561	-6.610
	498	3.112	16.520	6.543
	499	5.148	20.172	-10.297
	500	12.885	4.495	0.522
	501	-4.984	1.757	7.223
	502	12.267	4.515	3.399
	503	-2.651	19.430	7.310
	504	12.254	15.034	-1.364
	505	0.769	2.385	-10.856
	506	8.096	20.982	10.629
	507	6.623	14.786	-9.563
	508	-8.955	12.257	2.171
	509	-3.695	4.810	7.550
	510	11.921	0.091	-2.415
	511	8.004	2.852	-8.827
	512	-4.345	5.423	7.256
	513	10.795	12.203	-6.342
	514	-1.985	8.253	8.100
	515	2.145	3.139	-4.687
	516	6.078	3.432	-9.904
	517	5.177	8.138	-2.821
	518	-4.226	19.744	7.312
	519	5.440	9.121	4.332
	520	5.070	13.679	4.112
	521	6.836	4.408	-9.226
	522	-9.719	4.594	-0.539
	523	7.697	10.895	11.675
	524	-2.469	6.808	7.971
	525	-4.185	9.210	-9.960
	526	4.541	4.539	12.855
	527	1.141	10.997	-5.282
	528	11.496	7.068	-4.219
	529	6.257	13.567	12.321
	530	-9.087	14.436	-0.497
	531	2.123	8.220	7.245
	532	1.015	18.176	7.545
	533	5.153	18.405	4.534
	534	-1.021	12.482	7.856
	535	12.566	6.406	0.109
	536	5.476	17.200	-1.644
	537	7.961	6.214	-8.398
	538	5.986	19.173	-9.961
	539	-2.376	5.030	7.790
	540	-1.461	14.039	8.135
	541	0.916	7.512	-4.808
	542	-8.559	10.713	-4.905
	543	-3.148	15.268	7.267
	544	-2.462	1.385	-10.693
	545	-6.664	6.399	5.894
	546	5.446	8.043	-1.986
	547	-5.283	5.519	6.766
	548	4.495	15.000	13.568
	549	-9.676	4.306	-0.421
	550	-5.047	17.022	-9.629
	551	0.304	8.528	7.680
	552	6.012	1.221	-1.405
	553	8.734	5.441	-7.988
	554	-8.714	1.598	-4.764
	555	5.529	8.013	-2.189
	556	10.159	4.448	-5.891
	557	1.421	8.401	-4.989
	558	7.789	16.612	-9.039
	559	4.292	17.107	-3.139
	560	-9.586	10.730	-2.715
	561	4.417	0.413	5.688
	562	5.970	15.158	12.227
	563	5.892	4.808	3.050
	564	7.434	16.153	-8.810
	565	9.057	14.718	-7.288
	566	-2.040	19.967	7.838
	567	11.584	17.733	-3.776
	568	-9.145	4.314	-4.052
	569	-3.897	3.287	7.258
	570	-5.865	15.021	-8.529
	571	0.209	17.044	7.870
	572	-7.062	2.628	-7.404
	573	-8.926	8.277	2.531
	574	3.491	1.546	6.102
	575	6.835	2.656	11.811
	576	6.416	11.060	3.299
	577	1.720	10.332	-4.761
	578	8.343	16.546	10.623
	579	5.822	3.591	3.435
	580	-7.099	2.145	-7.007
	581	-7.069	19.041	-6.979
	582	-8.441	15.999	-5.445
	583	1.644	3.410	-11.120
	584	4.847	11.940	5.446
	585	-8.464	6.190	3.525
	586	4.382	18.593	5.924
	587	6.245	2.975	3.133
	588	5.477	5.510	12.626
	589	-8.774	12.345	-4.842
	590	-2.827	15.302	7.589
	591	-2.444	19.014	7.741
	592	0.051	12.706	-4.757
	593	5.368	10.097	4.442
	594	-1.571	6.360	7.530
	595	11.666	17.999	-4.875
	596	5.543	0.008	-2.258
	597	11.700	3.675	6.200
	598	0.795	3.638	7.771
	599	2.408	11.502	7.213
	600	4.544	9.061	12.948
	601	-7.094	0.279	-7.540
	602	-5.189	4.904	-9.327
	603	4.781	6.777	5.214
	604	4.519	13.057	5.663
	605	-3.867	3.839	7.481
	606	10.422	11.352	-7.154
	607	12.499	20.170	2.970
	608	-2.805	15.449	7.447
	609	-8.042	0.558	-5.846
	610	11.380	0.355	-4.347
	611	-1.673	10.478	-10.449
	612	6.093	0.430	-9.828
	613	-9.403	3.708	-2.514
	614	5.558	8.291	-2.249
	615	3.585	10.434	-4.277
	616	6.759	10.729	11.588
	617	3.750	6.689	13.047
	618	11.149	16.356	-4.485
	619	-9.447	1.840	-0.511
	620	1.106	7.042	-4.986
	621	12.507	10.973	1.040
	622	5.977	19.953	-1.239
	623	-3.262	10.352	7.707
	624	-4.754	14.580	-9.113
	625	3.827	4.325	6.651
	626	11.373	11.465	-4.415
	627	12.219	11.846	-1.081
	628	3.395	13.776	-10.570
	629	5.671	9.913	-9.951
	630	5.368	19.309	4.265
	631	6.258	16.810	-0.049
	632	6.231	0.176	0.896
	633	2.824	8.542	-10.659
	634	10.078	17.868	8.798
	635	6.142	6.911	-0.673
	636	5.529	8.512	-1.836
	637	5.810	0.322	-2.058
	638	-4.058	7.533	-10.124
	639	12.216	16.684	-1.913
	640	2.124	2.622	7.395
	641	6.621	1.709	0.705
	642	12.190	13.610	-0.527
	643	1.732	18.729	7.429
	644	-9.335	11.353	-2.655
	645	4.605	11.182	-3.383
	646	5.242	16.223	4.728
	647	6.831	7.855	0.554
	648	10.643	17.122	-5.416
	649	-6.783	3.654	5.392
	650	11.306	15.983	-4.803
	651	11.409	9.099	-4.036
	652	-2.184	16.461	7.817
	653	3.963	5.394	-3.596
	654	4.612	16.446	5.215
	655	4.876	7.710	4.902
	656	12.509	15.527	2.222
	657	0.131	3.730	-11.174
	658	12.344	13.075	-1.301
	659	-0.977	20.638	-10.543
	660	-5.285	4.600	6.990
	661	1.556	9.756	-4.725
	662	10.174	1.498	8.303
	663	-4.158	0.410	7.277
	664	-4.228	9.882	7.605
	665	9.226	14.098	10.052
	666	-9.196	20.314	0.336
	667	9.824	2.015	-6.125
	668	6.304	20.383	2.833
	669	6.155	14.409	0.504
	670	8.812	5.994	-8.044
	671	-9.004	18.202	-3.651
	672	6.254	3.860	1.065
	673	0.474	0.378	13.654
	674	-0.167	7.103	-11.139
	675	-2.770	19.574	-10.345
	676	11.547	10.728	5.930
	677	-0.857	7.970	-10.950
	678	-5.134	3.617	-9.392
	679	12.254	12.740	4.033
	680	4.182	1.122	-3.842
	681	9.929	14.934	-6.628
	682	-3.095	6.421	-10.272
	683	11.666	10.048	-4.190
	684	7.932	9.006	10.747
	685	-6.578	19.453	5.374
	686	4.985	5.094	5.258
	687	8.551	3.160	-8.116
	688	12.584	15.682	-1.337
	689	-8.319	20.452	3.341
	690	-4.856	5.564	-8.709
	691	-1.106	11.173	-10.727
	692	9.704	17.537	-7.035
	693	6.069	4.082	2.038
	694	6.404	4.792	0.986
	695	-9.551	19.424	-0.324
	696	6.303	10.574	-0.215
	697	-8.644	10.627	3.089
	698	4.144	2.458	5.684
	699	10.365	6.802	-6.303
	700	6.446	19.559	0.060
	701	-8.816	1.818	2.416
	702	6.239	4.236	-0.742
	703	0.523	0.038	-5.110
	704	4.392	3.794	-3.204
	705	1.110	5.617	7.583
	706	6.425	14.510	12.273
	707	5.578	20.134	-1.739
	708	-5.557	19.367	6.447
	709	-8.565	8.573	3.183
	710	-8.754	7.176	-4.274
	711	2.505	14.058	6.517
	712	0.633	19.770	-10.558
	713	5.278	11.357	-2.366
	714	1.665	13.915	-4.792
	715	4.883	16.778	-3.355
	716	5.130	12.284	-2.883
	717	11.296	8.087	-4.636
	718	-7.327	1.739	4.899
	719	12.545	7.640	-0.258
	720	0.175	-0.053	-4.837
	721	1.392	17.523	-4.911
	722	-8.879	15.425	3.309
	723	10.543	0.145	7.722
	724	11.768	18.871	-2.627
	725	2.838	6.910	6.981
	726	5.692	6.310	-2.154
	727	2.687	9.155	6.402
	728	3.307	16.075	-10.981
	729	0.910	13.905	-10.941
	730	11.560	3.887	-3.481
	731	12.650	17.649	2.608
	732	3.736	20.993	-10.761
	733	-4.685	8.615	-9.108
	734	5.262	5.764	4.812
	735	5.425	9.981	4.557
	736	-8.244	3.931	3.678
	737	8.700	8.733	-7.951
	738	-8.049	20.168	3.124
	739	-9.146	15.413	-2.711
	740	-4.820	6.523	-9.176
	741	-9.322	9.154	-0.439
	742	0.824	12.895	13.844
	743	5.450	14.827	-1.775
	744	5.154	2.961	4.621
	745	6.452	0.882	-9.795
	746	2.765	14.103	6.946
	747	-3.661	18.555	7.621
	748	-5.437	19.575	6.724
	749	7.928	13.809	10.999
	750	2.552	10.808	-10.747
	751	0.818	16.515	7.887
	752	-7.066	16.597	5.494
	753	4.707	6.198	5.021
	754	-3.132	4.502	-10.217
	755	0.977	1.842	-4.633
	756	6.482	0.764	1.772
	757	-2.639	16.537	7.709
	758	6.048	4.355	-0.208
	759	3.449	9.345	6.405
	760	-8.086	3.126	-6.099
	761	6.042	6.963	-0.751
	762	5.410	17.885	4.815
	763	9.396	15.280	9.800
	764	-8.395	17.672	-5.267
	765	-5.092	5.903	-9.139
	766	4.424	3.505	6.032
	767	4.390	9.770	12.976
	768	2.176	15.456	-4.268
	769	-1.197	11.876	-11.014
	770	1.651	16.483	7.802
	771	12.449	20.263	2.116
	772	6.343	8.149	2.728
	773	0.185	0.753	-4.743
	774	12.351	13.722	3.325
	775	1.312	2.225	13.872
	776	-6.587	8.125	5.776
	777	-1.759	5.924	7.731
	778	-7.332	14.729	5.065
	779	5.579	14.486	-1.337
	780	2.137	9.877	-4.580
	781	11.084	0.643	-3.907
	782	12.170	14.839	4.386
	783	1.704	13.892	-4.601
	784	12.234	6.347	-1.300
	785	7.242	8.229	-9.120
	786	9.768	9.195	-6.850
	787	1.052	11.340	-4.636
	788	12.316	17.879	-0.609
	789	11.757	0.268	5.553
	790	-7.414	8.811	-6.975
	791	4.059	1.051	-4.128
	792	-5.070	4.570	6.389
	793	-4.453	13.309	7.148
	794	9.074	16.731	-7.297
	795	5.501	12.767	4.059
	796	-0.923	20.857	-10.774
	797	3.020	16.483	-4.419
	798	12.164	6.963	-1.634
	799	4.638	9.047	12.652
	800	-3.072	20.285	7.690
	801	-8.026	15.887	3.700
	802	6.349	16.091	-0.251
	803	-6.945	6.289	-7.928
	804	5.677	11.888	4.455
	805	4.638	16.349	-2.969
	806	-2.730	10.247	7.597
	807	-7.612	2.406	-6.924
	808	-2.362	17.674	7.887
	809	1.939	18.529	-11.237
	810	6.650	3.386	-9.463
	811	-2.024	5.332	8.063
	812	-3.646	2.972	7.740
	813	10.071	17.966	8.640
	814	11.789	9.355	4.319
	815	-0.397	11.879	-10.907
	816	11.772	15.098	6.386
	817	-6.397	2.217	6.415
	818	3.000	21.175	7.156
	819	11.075	10.498	-5.031
	820	12.227	11.718	-2.909
	821	-1.487	2.648	-10.644
	822	11.228	2.815	-4.870
	823	7.982	11.301	-8.476
	824	6.065	14.408	-0.705
	825	6.175	10.410	2.160
	826	4.214	13.509	-3.957
	827	-5.368	18.699	-8.899
	828	-0.124	4.445	7.874
	829	10.272	3.290	-6.042
	830	3.302	12.120	-4.151
	831	12.715	18.664	0.374
	832	-9.244	7.564	-3.097
	833	9.290	0.138	9.320
	834	0.597	14.164	7.624
	835	-2.605	0.872	-10.214
	836	-8.293	14.406	-5.592
	837	1.925	7.357	7.394
	838	6.002	2.964	0.442
	839	8.136	17.743	10.331
	840	1.378	14.701	7.523
	841	-7.822	14.968	-6.551
	842	2.213	6.519	7.275
	843	10.973	4.021	-5.123
	844	-5.886	14.639	-8.376
	845	-9.513	9.037	0.270
	846	5.599	8.639	4.106
	847	6.176	4.778	-9.888
	848	11.564	4.440	5.980
	849	5.118	10.494	5.011
	850	-1.901	4.468	7.817
	851	-5.514	14.281	7.066
	852	9.491	8.778	-7.153
	853	5.790	2.088	2.149
	854	-5.398	15.124	6.736
	855	12.436	5.621	-1.110
	856	8.892	5.797	-7.886
	857	12.928	5.887	0.118
	858	8.361	20.409	10.285
	859	1.506	20.007	7.688
	860	-3.805	20.753	7.456
	861	-8.928	0.595	1.346
	862	-9.373	20.387	-2.113
	863	11.675	2.064	6.069
	864	3.271	14.179	-10.674
	865	-4.337	1.285	-9.650
	866	5.967	12.785	2.851
	867	-9.140	6.279	-1.332
	868	-2.113	5.339	7.856
	869	4.807	13.850	-3.272
	870	10.822	14.644	-5.578
	871	1.222	1.690	13.702
	872	12.451	8.023	-0.244
	873	5.995	15.730	2.068
	874	6.556	2.325	12.129
	875	12.582	9.448	-0.041
	876	3.961	12.345	-3.951
	877	4.198	14.079	13.044
	878	-8.137	8.196	3.398
	879	-9.180	15.234	-3.237
	880	1.495	14.028	-4.897
	881	3.447	10.677	-10.763
	882	1.583	2.841	7.550
	883	5.371	17.304	-2.505
	884	12.233	10.545	4.061
	885	0.319	15.353	-11.073
	886	2.692	13.904	-4.133
	887	-9.518	15.329	-1.567
	888	-7.639	7.910	4.771
	889	10.818	18.760	7.589
	890	11.691	20.075	5.339
	891	10.974	10.989	6.413
	892	1.749	0.204	-4.984
	893	-9.017	10.016	-3.958
	894	-3.354	4.848	7.482
	895	3.104	13.556	6.556
	896	-8.705	13.345	-4.368
	897	4.914	19.222	-2.907
	898	-8.497	10.778	-4.767
	899	9.741	13.871	9.322
	900	8.268	5.268	10.243
	901	3.514	4.175	-10.758
	902	12.844	7.062	0.241
	903	2.148	12.690	-4.557
	904	3.050	4.179	-11.101
	905	4.456	16.991	-3.221
	906	-2.118	5.093	8.097
	907	3.825	2.652	6.409
	908	-5.196	12.747	6.730
	909	4.981	4.807	-3.048
	910	9.235	6.783	9.436
	911	-5.175	17.321	-9.333
	912	6.440	9.938	12.291
	913	4.395	19.165	5.438
	914	6.088	7.439	-0.712
	915	6.610	3.659	0.512
	916	12.105	1.514	4.286
	917	2.123	2.250	-10.979
	918	9.213	18.584	-7.562
	919	4.528	9.193	-3.505
	920	3.756	13.496	-4.131
	921	-0.549	1.069	7.763
	922	11.618	15.327	-4.974
	923	5.769	14.936	3.341
	924	-1.492	17.084	7.921
	925	4.780	19.870	5.297
	926	-2.165	18.171	7.821
	927	12.338	19.309	2.569
	928	5.445	2.286	-2.420
	929	3.146	16.743	-4.345
	930	-4.168	14.194	-9.666
	931	-9.556	1.295	-1.704
	932	-3.673	10.712	-9.392
	933	-1.228	18.046	7.820
	934	5.298	16.193	-2.481
	935	3.040	17.854	-10.678
	936	-8.603	12.535	2.588
	937	4.905	12.815	-2.387
	938	-9.685	3.190	0.934
	939	-8.946	5.056	1.394
	940	3.480	2.574	-4.542
	941	-0.286	15.294	8.029
	942	9.770	11.736	8.814
	943	-9.100	10.160	1.524
	944	-8.781	4.906	-3.848
	945	-0.127	5.372	-10.982
	946	6.260	17.319	-0.129
	947	2.280	16.274	-11.154
	948	-9.537	4.036	0.695
	949	5.023	0.140	-2.363
	950	11.784	3.172	6.214
	951	6.195	19.671	1.765
	952	1.638	11.160	-4.517
	953	5.386	7.050	4.678
	954	11.300	4.238	-4.095
	955	6.396	5.970	-0.315
	956	-4.683	12.196	-9.400
	957	6.280	1.277	-9.832
	958	-9.555	8.077	-0.673
	959	6.437	19.581	0.056
	960	12.369	2.442	0.859
	961	3.854	11.674	-10.416
	962	9.655	9.801	-7.151
	963	11.320	7.529	-4.613
	964	-8.699	0.919	2.045
	965	11.244	1.066	6.455
	966	1.293	4.619	14.025
	967	3.417	16.089	7.010
	968	2.316	13.131	-4.713
	969	-9.248	4.784	-1.147
	970	-9.659	6.918	-1.519
	971	6.156	4.295	-0.959
	972	5.281	20.580	12.874
	973	10.622	9.633	7.825
	974	-4.696	9.887	7.201
	975	-2.367	11.257	-10.522
	976	-1.503	0.203	7.969
	977	0.737	17.639	-4.642
	978	-8.055	17.491	-5.682
	979	10.609	10.620	-6.348
	980	5.730	13.905	-1.292
	981	-3.393	4.988	7.864
	982	11.175	5.783	-5.150
	983	2.253	18.018	13.681
	984	5.620	2.590	-9.969
	985	6.074	8.475	2.279
	986	-4.756	14.497	-9.141
	987	10.241	0.138	-6.458
	988	0.668	11.739	-4.822
	989	-6.065	10.479	5.515
	990	-6.522	4.054	5.655
	991	-6.264	7.156	-8.310
	992	6.743	1.642	-9.368
	993	-3.691	1.307	7.325
	994	5.531	5.759	-0.984
	995	8.588	11.682	9.687
	996	-9.709	1.208	-0.804
	997	-9.604	0.743	-2.167
	998	-3.725	20.559	7.176
	999	5.596	1.361	-2.507
	1000	-9.223	18.682	-4.203
;

param y_train :=
	1 10.353
	2 10.720
	3 13.855
	4 13.154
	5 13.713
	6 6.044
	7 11.102
	8 7.405
	9 12.323
	10 8.291
	11 10.875
	12 13.872
	13 12.998
	14 13.543
	15 9.426
	16 5.893
	17 6.495
	18 9.469
	19 6.868
	20 13.540
	21 9.500
	22 10.749
	23 8.667
	24 12.199
	25 12.598
	26 12.882
	27 12.808
	28 10.733
	29 4.835
	30 4.909
	31 6.333
	32 12.321
	33 9.909
	34 11.196
	35 8.825
	36 8.595
	37 8.955
	38 5.256
	39 7.813
	40 6.514
	41 11.703
	42 10.285
	43 5.626
	44 5.266
	45 12.991
	46 7.117
	47 5.870
	48 9.475
	49 9.550
	50 7.721
	51 7.437
	52 12.915
	53 9.973
	54 12.629
	55 5.829
	56 12.109
	57 12.787
	58 13.369
	59 5.843
	60 5.547
	61 8.715
	62 11.955
	63 13.292
	64 12.981
	65 11.942
	66 10.954
	67 9.253
	68 10.337
	69 9.973
	70 12.189
	71 10.738
	72 8.568
	73 10.584
	74 6.669
	75 13.572
	76 6.348
	77 13.163
	78 9.559
	79 6.837
	80 11.268
	81 13.998
	82 7.476
	83 5.250
	84 14.011
	85 4.966
	86 9.483
	87 8.666
	88 10.131
	89 12.364
	90 6.941
	91 9.732
	92 11.959
	93 5.454
	94 14.116
	95 7.510
	96 8.579
	97 9.822
	98 6.944
	99 8.595
	100 6.339
	101 6.194
	102 6.753
	103 11.914
	104 12.032
	105 9.512
	106 7.941
	107 11.293
	108 13.126
	109 6.890
	110 13.390
	111 5.732
	112 5.668
	113 11.883
	114 8.918
	115 5.306
	116 6.848
	117 6.975
	118 7.015
	119 5.064
	120 9.769
	121 13.830
	122 7.872
	123 13.575
	124 5.823
	125 5.959
	126 8.961
	127 11.741
	128 8.413
	129 9.248
	130 10.589
	131 9.478
	132 9.825
	133 5.576
	134 5.968
	135 7.107
	136 9.161
	137 9.731
	138 6.749
	139 8.476
	140 11.522
	141 11.545
	142 13.020
	143 10.669
	144 13.704
	145 10.195
	146 8.199
	147 5.772
	148 9.757
	149 5.298
	150 4.720
	151 10.144
	152 12.954
	153 7.833
	154 14.025
	155 11.380
	156 11.106
	157 11.565
	158 8.403
	159 7.734
	160 5.313
	161 5.333
	162 7.291
	163 9.939
	164 11.048
	165 7.154
	166 10.835
	167 7.459
	168 13.625
	169 9.806
	170 9.057
	171 10.237
	172 7.366
	173 12.095
	174 11.814
	175 9.209
	176 13.558
	177 11.171
	178 9.050
	179 5.002
	180 6.038
	181 11.629
	182 4.794
	183 13.136
	184 9.875
	185 9.699
	186 7.452
	187 6.762
	188 12.012
	189 7.055
	190 5.062
	191 5.683
	192 7.109
	193 7.940
	194 11.561
	195 6.910
	196 14.132
	197 6.764
	198 7.746
	199 6.985
	200 12.707
	201 12.592
	202 13.176
	203 12.800
	204 8.221
	205 10.261
	206 11.666
	207 9.609
	208 13.087
	209 6.764
	210 13.259
	211 9.828
	212 11.298
	213 9.280
	214 5.032
	215 7.564
	216 13.535
	217 9.670
	218 13.177
	219 11.020
	220 9.530
	221 4.903
	222 10.709
	223 6.229
	224 10.207
	225 13.985
	226 8.218
	227 9.711
	228 11.624
	229 5.304
	230 10.121
	231 10.994
	232 9.042
	233 10.914
	234 8.890
	235 13.514
	236 5.578
	237 7.597
	238 13.151
	239 8.269
	240 7.994
	241 7.182
	242 13.626
	243 8.100
	244 6.123
	245 10.953
	246 11.171
	247 14.022
	248 8.475
	249 10.361
	250 9.001
	251 10.189
	252 9.962
	253 5.738
	254 9.530
	255 6.586
	256 6.803
	257 12.102
	258 9.146
	259 11.332
	260 10.118
	261 12.558
	262 8.186
	263 7.678
	264 5.961
	265 13.012
	266 11.025
	267 11.116
	268 6.702
	269 12.101
	270 12.429
	271 9.406
	272 6.601
	273 7.117
	274 13.813
	275 10.710
	276 6.853
	277 10.627
	278 8.263
	279 5.671
	280 7.512
	281 11.245
	282 7.357
	283 14.101
	284 11.309
	285 7.229
	286 5.265
	287 11.515
	288 9.429
	289 7.947
	290 6.721
	291 9.986
	292 11.598
	293 8.069
	294 4.808
	295 8.372
	296 5.688
	297 12.239
	298 5.456
	299 11.120
	300 9.763
	301 11.367
	302 13.362
	303 14.059
	304 6.926
	305 7.157
	306 11.096
	307 7.718
	308 10.927
	309 4.956
	310 12.148
	311 6.744
	312 12.545
	313 11.458
	314 12.750
	315 11.605
	316 13.475
	317 9.198
	318 6.947
	319 13.755
	320 12.568
	321 10.303
	322 4.768
	323 5.334
	324 12.375
	325 12.250
	326 11.856
	327 6.068
	328 8.169
	329 8.703
	330 6.048
	331 10.604
	332 12.239
	333 8.397
	334 5.602
	335 11.904
	336 11.078
	337 13.271
	338 9.893
	339 8.073
	340 14.016
	341 8.463
	342 9.528
	343 12.668
	344 5.911
	345 6.937
	346 12.518
	347 11.828
	348 6.195
	349 10.912
	350 9.346
	351 11.653
	352 6.871
	353 6.801
	354 10.201
	355 6.463
	356 13.714
	357 11.200
	358 9.757
	359 14.006
	360 11.625
	361 10.054
	362 4.841
	363 9.492
	364 11.213
	365 13.596
	366 9.970
	367 5.206
	368 13.658
	369 7.345
	370 8.452
	371 10.846
	372 9.760
	373 4.939
	374 13.399
	375 5.027
	376 9.258
	377 8.363
	378 11.257
	379 13.311
	380 12.445
	381 6.622
	382 12.636
	383 7.850
	384 13.380
	385 6.336
	386 8.799
	387 8.519
	388 8.062
	389 7.633
	390 6.786
	391 13.714
	392 11.119
	393 6.464
	394 7.347
	395 5.126
	396 7.687
	397 6.229
	398 4.865
	399 10.570
	400 10.827
	401 13.401
	402 10.978
	403 5.323
	404 13.871
	405 11.838
	406 9.257
	407 8.178
	408 10.241
	409 5.574
	410 9.630
	411 7.871
	412 12.613
	413 13.307
	414 9.043
	415 11.753
	416 10.969
	417 9.885
	418 4.755
	419 7.492
	420 12.639
	421 6.027
	422 12.808
	423 9.137
	424 10.991
	425 8.632
	426 11.735
	427 9.136
	428 5.167
	429 8.203
	430 8.432
	431 8.821
	432 7.430
	433 6.767
	434 13.708
	435 5.316
	436 10.837
	437 7.598
	438 5.151
	439 6.954
	440 10.130
	441 5.579
	442 7.704
	443 13.045
	444 12.592
	445 8.376
	446 6.629
	447 9.250
	448 8.147
	449 7.452
	450 8.577
	451 8.712
	452 11.181
	453 9.753
	454 11.818
	455 9.265
	456 10.404
	457 7.197
	458 10.584
	459 8.868
	460 6.466
	461 13.975
	462 14.046
	463 8.730
	464 6.243
	465 10.950
	466 11.846
	467 13.572
	468 5.550
	469 12.180
	470 9.598
	471 7.008
	472 5.885
	473 5.057
	474 10.618
	475 12.168
	476 11.752
	477 4.743
	478 6.188
	479 12.185
	480 12.125
	481 12.125
	482 12.212
	483 13.910
	484 11.170
	485 8.313
	486 5.733
	487 9.803
	488 9.833
	489 12.116
	490 8.377
	491 6.661
	492 11.050
	493 6.659
	494 5.434
	495 8.800
	496 13.189
	497 10.167
	498 7.424
	499 11.461
	500 12.612
	501 8.448
	502 12.854
	503 8.180
	504 12.471
	505 11.034
	506 13.502
	507 11.592
	508 9.183
	509 8.311
	510 12.356
	511 11.720
	512 8.408
	513 12.054
	514 8.091
	515 5.175
	516 11.527
	517 5.779
	518 8.405
	519 6.973
	520 6.951
	521 11.637
	522 9.482
	523 13.587
	524 8.163
	525 10.579
	526 13.787
	527 4.938
	528 12.237
	529 13.661
	530 9.460
	531 7.553
	532 7.725
	533 7.015
	534 7.942
	535 12.600
	536 5.984
	537 11.764
	538 11.552
	539 8.166
	540 8.010
	541 4.912
	542 9.940
	543 8.251
	544 10.808
	545 8.733
	546 5.911
	547 8.503
	548 13.827
	549 9.499
	550 10.528
	551 7.846
	552 5.998
	553 11.819
	554 9.934
	555 5.925
	556 12.019
	557 5.031
	558 11.709
	559 5.628
	560 9.686
	561 7.179
	562 13.683
	563 6.741
	564 11.706
	565 11.884
	566 8.107
	567 12.268
	568 9.875
	569 8.372
	570 10.411
	571 7.865
	572 10.263
	573 9.189
	574 7.326
	575 13.595
	576 6.744
	577 5.082
	578 13.467
	579 6.761
	580 10.182
	581 10.209
	582 9.999
	583 11.146
	584 7.152
	585 9.054
	586 7.180
	587 6.760
	588 13.720
	589 9.911
	590 8.207
	591 8.134
	592 4.741
	593 6.976
	594 8.056
	595 12.142
	596 5.844
	597 13.054
	598 7.796
	599 7.555
	600 13.797
	601 10.219
	602 10.500
	603 7.100
	604 7.189
	605 8.334
	606 11.964
	607 12.782
	608 8.189
	609 10.049
	610 12.221
	611 10.875
	612 11.541
	613 9.674
	614 5.883
	615 5.370
	616 13.622
	617 13.871
	618 12.207
	619 9.478
	620 4.964
	621 12.640
	622 6.051
	623 8.286
	624 10.500
	625 7.369
	626 12.187
	627 12.481
	628 11.288
	629 11.479
	630 6.953
	631 6.250
	632 6.443
	633 11.271
	634 13.284
	635 6.170
	636 5.977
	637 5.915
	638 10.617
	639 12.395
	640 7.593
	641 6.386
	642 12.531
	643 7.599
	644 9.704
	645 5.698
	646 6.989
	647 6.419
	648 12.117
	649 8.764
	650 12.159
	651 12.240
	652 8.166
	653 5.590
	654 7.147
	655 7.093
	656 12.717
	657 11.001
	658 12.479
	659 10.935
	660 8.529
	661 5.095
	662 13.242
	663 8.395
	664 8.309
	665 13.431
	666 9.390
	667 11.999
	668 6.672
	669 6.358
	670 11.831
	671 9.823
	672 6.437
	673 14.100
	674 10.970
	675 10.753
	676 13.035
	677 10.927
	678 10.512
	679 12.881
	680 5.562
	681 11.977
	682 10.698
	683 12.202
	684 13.497
	685 8.751
	686 7.132
	687 11.819
	688 12.463
	689 9.040
	690 10.495
	691 10.909
	692 11.937
	693 6.601
	694 6.484
	695 9.474
	696 6.212
	697 9.073
	698 7.297
	699 12.061
	700 6.282
	701 9.171
	702 6.150
	703 4.813
	704 5.617
	705 7.683
	706 13.652
	707 5.987
	708 8.553
	709 9.072
	710 9.877
	711 7.525
	712 11.042
	713 5.864
	714 5.001
	715 5.686
	716 5.720
	717 12.191
	718 8.856
	719 12.551
	720 4.830
	721 4.953
	722 9.114
	723 13.204
	724 12.316
	725 7.449
	726 5.929
	727 7.384
	728 11.279
	729 11.098
	730 12.280
	731 12.784
	732 11.338
	733 10.519
	734 7.036
	735 6.953
	736 8.995
	737 11.821
	738 9.017
	739 9.696
	740 10.485
	741 9.481
	742 14.075
	743 5.974
	744 7.028
	745 11.582
	746 7.473
	747 8.310
	748 8.531
	749 13.525
	750 11.236
	751 7.749
	752 8.748
	753 7.061
	754 10.698
	755 4.821
	756 6.571
	757 8.217
	758 6.249
	759 7.394
	760 10.054
	761 6.197
	762 6.983
	763 13.388
	764 9.972
	765 10.525
	766 7.199
	767 13.818
	768 5.163
	769 10.907
	770 7.608
	771 12.711
	772 6.757
	773 4.734
	774 12.850
	775 14.045
	776 8.728
	777 8.132
	778 8.831
	779 6.074
	780 5.177
	781 12.206
	782 12.933
	783 5.040
	784 12.452
	785 11.671
	786 11.953
	787 4.967
	788 12.522
	789 12.985
	790 10.170
	791 5.489
	792 8.515
	793 8.425
	794 11.892
	795 6.944
	796 10.905
	797 5.309
	798 12.447
	799 13.767
	800 8.198
	801 8.993
	802 6.225
	803 10.262
	804 6.930
	805 5.680
	806 8.221
	807 10.162
	808 8.117
	809 11.172
	810 11.572
	811 8.072
	812 8.319
	813 13.289
	814 12.905
	815 10.970
	816 13.070
	817 8.650
	818 7.409
	819 12.150
	820 12.324
	821 10.849
	822 12.171
	823 11.721
	824 6.120
	825 6.626
	826 5.496
	827 10.450
	828 7.860
	829 12.010
	830 5.332
	831 12.594
	832 9.735
	833 13.359
	834 7.786
	835 10.724
	836 9.998
	837 7.687
	838 6.372
	839 13.502
	840 7.699
	841 10.136
	842 7.588
	843 12.108
	844 10.392
	845 9.398
	846 6.863
	847 11.557
	848 13.051
	849 7.091
	850 8.048
	851 8.489
	852 11.885
	853 6.643
	854 8.485
	855 12.478
	856 11.803
	857 12.562
	858 13.449
	859 7.639
	860 8.307
	861 9.255
	862 9.620
	863 13.050
	864 11.295
	865 10.554
	866 6.711
	867 9.559
	868 8.092
	869 5.632
	870 12.093
	871 14.050
	872 12.548
	873 6.631
	874 13.669
	875 12.543
	876 5.526
	877 13.801
	878 9.006
	879 9.762
	880 5.031
	881 11.283
	882 7.609
	883 5.874
	884 12.900
	885 11.019
	886 5.210
	887 9.584
	888 8.896
	889 13.197
	890 12.989
	891 13.084
	892 5.063
	893 9.812
	894 8.297
	895 7.355
	896 9.878
	897 5.764
	898 9.931
	899 13.356
	900 13.495
	901 11.324
	902 12.595
	903 5.174
	904 11.283
	905 5.616
	906 8.123
	907 7.299
	908 8.480
	909 5.754
	910 13.370
	911 10.510
	912 13.646
	913 7.152
	914 6.149
	915 6.301
	916 12.920
	917 11.194
	918 11.890
	919 5.595
	920 5.474
	921 7.924
	922 12.186
	923 6.800
	924 7.999
	925 7.092
	926 8.122
	927 12.755
	928 5.905
	929 5.351
	930 10.599
	931 9.572
	932 10.632
	933 8.001
	934 5.857
	935 11.258
	936 9.141
	937 5.846
	938 9.289
	939 9.251
	940 5.357
	941 7.894
	942 13.278
	943 9.227
	944 9.854
	945 10.965
	946 6.266
	947 11.188
	948 9.314
	949 5.871
	950 13.063
	951 6.520
	952 5.050
	953 6.964
	954 12.188
	955 6.222
	956 10.555
	957 11.567
	958 9.486
	959 6.267
	960 12.617
	961 11.352
	962 11.930
	963 12.161
	964 9.157
	965 13.103
	966 14.042
	967 7.427
	968 5.067
	969 9.558
	970 9.581
	971 6.172
	972 13.736
	973 13.207
	974 8.446
	975 10.789
	976 8.006
	977 4.899
	978 10.037
	979 12.016
	980 6.040
	981 8.254
	982 12.130
	983 13.952
	984 11.513
	985 6.584
	986 10.510
	987 12.012
	988 4.881
	989 8.675
	990 8.773
	991 10.374
	992 11.610
	993 8.270
	994 6.104
	995 13.396
	996 9.505
	997 9.646
	998 8.325
	999 5.841
	1000 9.880
;