w [*] :=
1   3.3062
2  -0.0426927
3   0.0291925
;

gamma = -16.2034

s [*] :=
  1 6.29181e-12   126 5.67852e-12   251 5.87107e-12   376 0.779132
  2 5.79159e-12   127 5.70882e-12   252 4.17065e-12   377 4.9497e-12
  3 5.04427e-12   128 4.94979e-12   253 5.25635e-12   378 5.67204e-12
  4 5.30481e-12   129 4.94004e-12   254 5.72825e-12   379 5.10951e-12
  5 5.61477e-12   130 5.51105e-12   255 5.35955e-12   380 5.98273e-12
  6 4.84019e-12   131 5.17303e-12   256 5.16539e-12   381 5.99297e-12
  7 5.89194e-12   132 5.68928e-12   257 5.80929e-12   382 4.87041e-12
  8 6.23024e-12   133 4.82083e-12   258 5.46005e-12   383 5.4794e-12
  9 5.753e-12     134 9.43283e-12   259 4.63172e-12   384 5.9708e-12
 10 5.79992e-12   135 6.08869e-12   260 5.59046e-12   385 5.48673e-12
 11 5.72785e-12   136 0.373099      261 5.93025e-12   386 5.30037e-12
 12 5.9655e-12    137 5.11654e-12   262 6.45546e-12   387 5.61348e-12
 13 4.03907e-12   138 5.73059e-12   263 5.96805e-12   388 4.94155e-12
 14 5.06686e-12   139 5.5834e-12    264 4.94482e-12   389 5.07392e-12
 15 5.08989e-12   140 6.06247e-12   265 5.54655e-12   390 6.08687e-12
 16 6.17446e-12   141 4.93417e-12   266 5.43894e-12   391 5.41597e-12
 17 5.12924e-12   142 5.75779e-12   267 5.74691e-12   392 5.32639e-12
 18 6.01417e-12   143 4.06527e-12   268 5.37968e-12   393 5.61732e-12
 19 4.86035e-12   144 5.51018e-12   269 5.26294e-12   394 5.99678e-12
 20 4.89373e-12   145 5.11106e-12   270 5.99156e-12   395 4.58859e-12
 21 4.19863e-12   146 0.140837      271 5.36842e-12   396 5.85473e-12
 22 5.67973e-12   147 4.80656e-12   272 2.22575e-09   397 6.02242e-12
 23 5.71623e-12   148 4.56459e-12   273 5.12491e-12   398 5.54485e-12
 24 6.00081e-12   149 4.58576e-12   274 5.53232e-12   399 5.78477e-12
 25 6.22239e-12   150 6.05338e-12   275 5.19791e-12   400 5.30254e-12
 26 5.59608e-12   151 5.42116e-12   276 5.33121e-12   401 5.78826e-12
 27 5.1337e-12    152 5.11851e-12   277 3.95584e-12   402 5.98912e-12
 28 6.18794e-12   153 5.72548e-12   278 5.83705e-12   403 4.7317e-12
 29 8.12748e-12   154 5.61162e-12   279 5.96788e-12   404 4.81744e-12
 30 5.99523e-12   155 5.96477e-12   280 5.19114e-12   405 5.69724e-12
 31 5.22856e-12   156 5.1078e-12    281 6.17955e-12   406 5.88726e-12
 32 4.84126e-12   157 6.50842e-12   282 5.77039e-12   407 5.17176e-12
 33 6.35491e-12   158 5.98294e-12   283 6.36435e-12   408 5.74103e-12
 34 5.97778e-12   159 5.73987e-12   284 5.62595e-12   409 5.48791e-12
 35 5.11332e-12   160 5.32384e-12   285 5.09131e-12   410 5.949e-12
 36 4.87408e-12   161 5.16396e-12   286 5.06359e-12   411 5.71107e-12
 37 5.75524e-12   162 5.15137e-12   287 5.2847e-12    412 5.58232e-12
 38 5.33561e-12   163 5.94827e-12   288 5.63559e-12   413 5.12747e-12
 39 5.27996e-12   164 5.51842e-12   289 4.02905e-12   414 5.96745e-12
 40 4.43178e-12   165 5.27095e-12   290 4.76969e-12   415 6.29807e-12
 41 5.99822e-12   166 5.17375e-12   291 5.27428e-12   416 5.19696e-12
 42 5.54427e-12   167 5.39594e-12   292 5.66436e-12   417 5.25162e-12
 43 5.81108e-12   168 5.77902e-12   293 5.96946e-12   418 6.01783e-12
 44 5.04219e-12   169 6.2824e-12    294 5.63389e-12   419 5.8134e-12
 45 5.07048e-12   170 5.14764e-12   295 6.19414e-12   420 5.54165e-12
 46 5.5875e-12    171 0.876239      296 5.158e-12     421 4.49939e-12
 47 5.04161e-12   172 5.35324e-12   297 5.27381e-12   422 5.20817e-12
 48 6.01241e-12   173 5.80358e-12   298 5.91146e-12   423 5.25583e-12
 49 5.68453e-12   174 6.23621e-12   299 5.48876e-12   424 5.06402e-12
 50 5.67107e-12   175 5.98647e-12   300 4.85989e-12   425 5.47205e-12
 51 6.29781e-12   176 5.44823e-12   301 5.11927e-12   426 1.1667
 52 6.20762e-12   177 5.09783e-12   302 4.80995e-12   427 0.708865
 53 5.13962e-12   178 5.59053e-12   303 5.13002e-12   428 0.283063
 54 5.25664e-12   179 6.02513e-12   304 6.2482e-12    429 4.77634e-12
 55 6.46641e-12   180 6.0069e-12    305 5.29776e-12   430 6.15948e-12
 56 5.7407e-12    181 5.63662e-12   306 5.31246e-12   431 5.37667e-12
 57 4.8516e-12    182 3.3248e-11    307 5.10923e-12   432 5.85327e-12
 58 5.49478e-12   183 4.95561e-12   308 5.32852e-12   433 5.16754e-12
 59 5.08031e-12   184 5.93105e-12   309 5.61934e-12   434 5.14578e-12
 60 5.78507e-12   185 5.5445e-12    310 5.56435e-12   435 5.26952e-12
 61 5.30398e-12   186 4.96867e-12   311 5.16181e-12   436 5.23991e-12
 62 5.97624e-12   187 5.71889e-12   312 4.12275e-12   437 5.27873e-12
 63 5.76624e-12   188 5.99925e-12   313 5.93488e-12   438 5.27965e-12
 64 5.87326e-12   189 5.25258e-12   314 5.11585e-12   439 5.68466e-12
 65 6.01158e-12   190 6.24807e-12   315 6.00923e-12   440 4.43557e-12
 66 5.73028e-12   191 5.78771e-12   316 4.97503e-12   441 5.35449e-12
 67 4.54832e-12   192 6.25062e-12   317 5.12632e-12   442 5.44487e-12
 68 5.15286e-12   193 5.76108e-12   318 6.00605e-12   443 5.94794e-12
 69 6.00428e-12   194 6.01924e-12   319 5.98963e-12   444 4.18954e-12
 70 4.87206e-12   195 5.61819e-12   320 6.05777e-12   445 5.96442e-12
 71 5.78956e-12   196 5.23018e-12   321 4.93432e-12   446 5.39955e-12
 72 5.16862e-12   197 3.91098e-12   322 5.13356e-12   447 5.75781e-12
 73 5.58987e-12   198 5.26898e-12   323 5.62457e-12   448 5.70639e-12
 74 5.54643e-12   199 6.27173e-12   324 5.20339e-12   449 5.62599e-12
 75 5.11673e-12   200 5.39545e-12   325 0.920979      450 5.6568e-12
 76 6.00291e-12   201 5.9683e-12    326 5.67199e-12   451 6.0213e-12
 77 5.75205e-12   202 5.905e-12     327 0.248764      452 5.1488e-12
 78 5.95768e-12   203 5.05767e-12   328 0.478753      453 5.67044e-12
 79 5.26953e-12   204 5.77967e-12   329 5.72314e-12   454 0.266205
 80 5.57776e-12   205 6.17517e-12   330 5.62335e-12   455 0.606088
 81 5.98722e-12   206 5.2339e-12    331 5.94657e-12   456 6.4925e-12
 82 4.81501e-12   207 5.74752e-12   332 5.30686e-12   457 4.56625e-12
 83 0.479844      208 5.63932e-12   333 5.78204e-12   458 0.0685622
 84 5.28095e-12   209 5.79776e-12   334 5.14995e-12   459 5.6496e-12
 85 5.97103e-12   210 5.59687e-12   335 5.11058e-12   460 4.72615e-12
 86 4.51373e-12   211 5.76838e-12   336 5.50419e-12   461 5.99473e-12
 87 5.01339e-12   212 5.98373e-12   337 5.24333e-12   462 5.36489e-12
 88 5.26018e-12   213 5.65621e-12   338 0.52883       463 3.99743e-12
 89 5.87544e-12   214 5.5981e-12    339 6.27208e-12   464 5.99493e-12
 90 6.00417e-12   215 5.39188e-12   340 5.96021e-12   465 5.64291e-12
 91 5.02952e-12   216 5.58813e-12   341 7.70822e-12   466 5.1575e-12
 92 5.09543e-12   217 0.156729      342 5.6631e-12    467 6.0905e-12
 93 5.10936e-12   218 5.46202e-12   343 4.51847e-12   468 1.03618
 94 5.11382e-12   219 6.003e-12     344 4.14525e-12   469 5.63224e-12
 95 5.65869e-12   220 4.52403e-12   345 5.94728e-12   470 6.28423e-12
 96 4.44812e-12   221 5.12203e-12   346 5.50882e-12   471 5.67965e-12
 97 5.99645e-12   222 5.44384e-12   347 5.69286e-12   472 5.49372e-12
 98 5.26641e-12   223 5.61965e-12   348 5.6801e-12    473 6.30087e-12
 99 5.56114e-12   224 6.2923e-12    349 5.1278e-12    474 5.09293e-12
100 5.98297e-12   225 5.53312e-12   350 5.98752e-12   475 5.96347e-12
101 6.50023e-12   226 4.71807e-12   351 4.96389e-12   476 5.84262e-12
102 5.60389e-12   227 4.29699e-12   352 5.65559e-12   477 5.70632e-12
103 4.96784e-12   228 5.48356e-12   353 5.74956e-12   478 5.63203e-12
104 5.99266e-12   229 5.29035e-12   354 5.63903e-12   479 6.28318e-12
105 5.68267e-12   230 5.87755e-12   355 4.93817e-12   480 4.50098e-12
106 6.18377e-12   231 5.9346e-12    356 5.76981e-12   481 5.68195e-12
107 4.86458e-12   232 5.74435e-12   357 5.13445e-12   482 5.88008e-12
108 6.26603e-12   233 4.47315e-12   358 5.49538e-12   483 5.11367e-12
109 4.56769e-12   234 5.98136e-12   359 6.20507e-12   484 0.710969
110 5.27183e-12   235 5.55144e-12   360 5.03231e-12   485 8.27372e-12
111 5.10069e-12   236 5.67042e-12   361 6.29598e-12   486 5.69255e-12
112 5.73858e-12   237 0.389504      362 4.75424e-12   487 5.29055e-12
113 6.29657e-12   238 5.99975e-12   363 5.89659e-12   488 6.31807e-12
114 5.74455e-12   239 5.61182e-12   364 5.68353e-12   489 0.988116
115 5.3985e-12    240 5.98929e-12   365 6.21259e-12   490 5.70972e-12
116 5.69258e-12   241 5.10181e-12   366 5.27843e-12   491 5.4236e-12
117 5.63211e-12   242 0.940369      367 5.22107e-12   492 6.25103e-12
118 5.55337e-12   243 5.50302e-12   368 5.69237e-12   493 5.61089e-12
119 5.33078e-12   244 5.91025e-12   369 5.57251e-12   494 5.76607e-12
120 4.86048e-12   245 5.65648e-12   370 5.58481e-12   495 5.26164e-12
121 5.77201e-12   246 4.64073e-12   371 3.91169e-12   496 5.9281e-12
122 5.29081e-12   247 5.69934e-12   372 5.33658e-12   497 5.56697e-12
123 5.17775e-12   248 5.71315e-12   373 5.93198e-12   498 5.41106e-12
124 4.17303e-12   249 4.92373e-12   374 5.94099e-12   499 5.87726e-12
125 5.03096e-12   250 5.27362e-12   375 5.65663e-12   500 4.28248e-12
;

y_pred [*] :=
  1 -1    57 -1   113 -1   169  1   225 -1   281  1   337 -1   393 -1   449  1
  2  1    58 -1   114 -1   170 -1   226  1   282 -1   338 -1   394  1   450 -1
  3 -1    59 -1   115  1   171 -1   227 -1   283  1   339 -1   395  1   451  1
  4 -1    60  1   116 -1   172 -1   228 -1   284 -1   340 -1   396 -1   452 -1
  5  1    61  1   117 -1   173 -1   229 -1   285 -1   341 -1   397  1   453  1
  6 -1    62 -1   118 -1   174  1   230  1   286 -1   342 -1   398 -1   454 -1
  7 -1    63  1   119  1   175 -1   231 -1   287 -1   343 -1   399 -1   455 -1
  8  1    64  1   120  1   176 -1   232 -1   288 -1   344 -1   400  1   456 -1
  9 -1    65  1   121  1   177  1   233 -1   289 -1   345 -1   401 -1   457  1
 10 -1    66 -1   122 -1   178 -1   234  1   290 -1   346  1   402  1   458 -1
 11  1    67 -1   123 -1   179 -1   235  1   291  1   347 -1   403  1   459 -1
 12  1    68  1   124 -1   180 -1   236  1   292  1   348 -1   404 -1   460  1
 13 -1    69  1   125 -1   181 -1   237 -1   293 -1   349  1   405  1   461 -1
 14  1    70 -1   126 -1   182  1   238 -1   294 -1   350 -1   406 -1   462  1
 15  1    71  1   127 -1   183 -1   239  1   295 -1   351 -1   407 -1   463  1
 16 -1    72  1   128  1   184 -1   240  1   296  1   352 -1   408 -1   464 -1
 17  1    73  1   129  1   185 -1   241 -1   297 -1   353  1   409  1   465 -1
 18 -1    74 -1   130 -1   186 -1   242 -1   298 -1   354 -1   410  1   466  1
 19 -1    75  1   131 -1   187 -1   243 -1   299  1   355 -1   411 -1   467 -1
 20  1    76 -1   132 -1   188 -1   244  1   300  1   356  1   412  1   468 -1
 21  1    77 -1   133  1   189 -1   245 -1   301 -1   357 -1   413 -1   469 -1
 22 -1    78 -1   134 -1   190 -1   246 -1   302 -1   358 -1   414  1   470 -1
 23 -1    79  1   135  1   191  1   247  1   303 -1   359 -1   415 -1   471 -1
 24 -1    80 -1   136  1   192 -1   248 -1   304 -1   360 -1   416  1   472  1
 25 -1    81  1   137  1   193 -1   249 -1   305  1   361 -1   417  1   473  1
 26  1    82  1   138  1   194  1   250 -1   306 -1   362 -1   418  1   474 -1
 27 -1    83 -1   139  1   195  1   251 -1   307 -1   363 -1   419 -1   475  1
 28 -1    84  1   140 -1   196  1   252 -1   308  1   364  1   420  1   476  1
 29  1    85  1   141 -1   197 -1   253  1   309  1   365 -1   421 -1   477 -1
 30  1    86 -1   142 -1   198 -1   254 -1   310 -1   366 -1   422  1   478 -1
 31 -1    87  1   143  1   199 -1   255  1   311  1   367 -1   423 -1   479 -1
 32 -1    88 -1   144 -1   200 -1   256 -1   312  1   368 -1   424  1   480 -1
 33  1    89 -1   145 -1   201 -1   257  1   313 -1   369  1   425 -1   481  1
 34 -1    90 -1   146 -1   202  1   258 -1   314  1   370  1   426  1   482  1
 35 -1    91 -1   147 -1   203 -1   259  1   315 -1   371 -1   427 -1   483 -1
 36  1    92 -1   148 -1   204 -1   260  1   316  1   372 -1   428 -1   484  1
 37 -1    93 -1   149 -1   205  1   261  1   317  1   373 -1   429 -1   485 -1
 38 -1    94 -1   150  1   206 -1   262 -1   318 -1   374  1   430  1   486  1
 39 -1    95 -1   151 -1   207  1   263 -1   319  1   375 -1   431 -1   487 -1
 40 -1    96 -1   152  1   208  1   264 -1   320 -1   376  1   432 -1   488  1
 41 -1    97 -1   153 -1   209 -1   265 -1   321 -1   377 -1   433 -1   489  1
 42 -1    98  1   154 -1   210 -1   266  1   322 -1   378  1   434 -1   490 -1
 43 -1    99 -1   155 -1   211 -1   267 -1   323 -1   379 -1   435 -1   491  1
 44 -1   100 -1   156  1   212 -1   268  1   324 -1   380  1   436  1   492  1
 45 -1   101  1   157 -1   213 -1   269  1   325  1   381 -1   437  1   493 -1
 46 -1   102  1   158 -1   214 -1   270 -1   326  1   382 -1   438  1   494 -1
 47 -1   103 -1   159 -1   215  1   271 -1   327  1   383 -1   439 -1   495 -1
 48 -1   104  1   160  1   216  1   272  1   328  1   384  1   440  1   496  1
 49 -1   105 -1   161 -1   217 -1   273  1   329 -1   385 -1   441 -1   497  1
 50 -1   106  1   162  1   218  1   274 -1   330 -1   386  1   442 -1   498 -1
 51 -1   107  1   163 -1   219 -1   275  1   331  1   387 -1   443 -1   499 -1
 52  1   108  1   164 -1   220 -1   276 -1   332 -1   388  1   444  1   500 -1
 53 -1   109 -1   165 -1   221 -1   277  1   333 -1   389  1   445 -1
 54 -1   110  1   166  1   222 -1   278 -1   334 -1   390  1   446 -1
 55 -1   111 -1   167 -1   223 -1   279 -1   335 -1   391 -1   447 -1
 56 -1   112 -1   168  1   224  1   280 -1   336 -1   392 -1   448 -1
;

accurracy/m*100 = 99.2

