w [*] :=
1  2.53205
2  2.16791
3  2.23221
4  1.93629
;

gamma = -4.2838

s [*] :=
  1 2.7468         26 1.06002e-09    51 0.835816       76 1.0483e-09
  2 1.05266e-09    27 1.06538e-09    52 1.05441e-09    77 0.691639
  3 0.54803        28 0.768572       53 0.0602594      78 0.59861
  4 1.03252e-09    29 0.462191       54 0.48449        79 0.0353397
  5 0.864269       30 0.611022       55 6.10585e-06    80 1.04112e-09
  6 0.643331       31 1.04037e-09    56 0.241315       81 0.0320393
  7 1.06511e-09    32 1.10558e-09    57 1.06415e-09    82 1.07388e-09
  8 1.05506e-09    33 1.04415e-09    58 0.150484       83 0.692974
  9 0.329325       34 1.04022e-09    59 0.394728       84 1.07126e-09
 10 0.961633       35 1.05391e-09    60 0.801002       85 1.06792e-09
 11 1.06396e-09    36 2.7752         61 0.240534       86 0.456367
 12 1.07596e-09    37 2.13755e-09    62 1.06337e-09    87 0.985709
 13 0.110614       38 1.0451e-09     63 1.04806e-09    88 1.09246e-09
 14 0.526175       39 0.110478       64 0.625889       89 0.965637
 15 2.77519        40 0.711334       65 0.719107       90 1.8733e-09
 16 1.06129e-09    41 0.290715       66 0.119024       91 0.933328
 17 0.374685       42 2.40274        67 1.06102e-09    92 1.12712
 18 1.08308e-09    43 1.06662e-09    68 1.05899e-09    93 1.06222e-09
 19 1.05927e-09    44 1.05384e-09    69 1.05341e-09    94 1.06067e-09
 20 0.439348       45 1.11519        70 0.227188       95 1.0521e-09
 21 0.431485       46 0.672177       71 0.280358       96 1.06734e-09
 22 1.07272e-09    47 0.123992       72 1.03811        97 0.552118
 23 1.09644e-09    48 0.383092       73 0.849719       98 0.769557
 24 1.04393e-09    49 0.126068       74 0.34854        99 0.669119
 25 1.04368e-09    50 0.00675335     75 1.33877       100 0.649183
;

y_pred [*] :=
  1 -1    13 -1    25 -1    37 -1    49 -1    61  1    73 -1    85 -1    97  1
  2  1    14  1    26 -1    38  1    50 -1    62 -1    74  1    86  1    98 -1
  3 -1    15  1    27  1    39  1    51  1    63  1    75  1    87 -1    99 -1
  4 -1    16 -1    28  1    40  1    52 -1    64  1    76  1    88  1   100  1
  5  1    17  1    29 -1    41  1    53 -1    65  1    77 -1    89 -1
  6 -1    18 -1    30 -1    42  1    54  1    66 -1    78 -1    90  1
  7 -1    19 -1    31  1    43 -1    55  1    67 -1    79  1    91 -1
  8  1    20  1    32  1    44  1    56 -1    68 -1    80  1    92  1
  9 -1    21 -1    33  1    45  1    57 -1    69 -1    81  1    93 -1
 10 -1    22  1    34  1    46  1    58  1    70  1    82 -1    94 -1
 11 -1    23  1    35  1    47 -1    59  1    71  1    83  1    95  1
 12  1    24  1    36 -1    48  1    60 -1    72  1    84 -1    96 -1
;

accurracy/m*100 = 92

