w [*] :=
1  4.15866
2  3.86823
3  3.7943
4  3.99441
;

gamma = -7.89308

y_pred [*] :=
   1 -1    126  1    251 -1    376  1    501  1    626 -1    751 -1    876 -1
   2  1    127  1    252  1    377  1    502 -1    627 -1    752 -1    877  1
   3 -1    128  1    253 -1    378 -1    503 -1    628 -1    753  1    878 -1
   4 -1    129  1    254  1    379  1    504  1    629 -1    754 -1    879 -1
   5  1    130  1    255 -1    380  1    505  1    630  1    755  1    880 -1
   6 -1    131  1    256 -1    381  1    506 -1    631  1    756 -1    881 -1
   7 -1    132  1    257 -1    382 -1    507 -1    632  1    757  1    882 -1
   8  1    133  1    258  1    383 -1    508  1    633  1    758 -1    883  1
   9 -1    134  1    259  1    384 -1    509  1    634 -1    759  1    884 -1
  10 -1    135 -1    260 -1    385  1    510  1    635  1    760 -1    885 -1
  11 -1    136 -1    261 -1    386  1    511 -1    636  1    761  1    886  1
  12  1    137  1    262 -1    387  1    512 -1    637 -1    762 -1    887 -1
  13 -1    138 -1    263 -1    388 -1    513 -1    638 -1    763  1    888 -1
  14  1    139  1    264  1    389  1    514 -1    639  1    764 -1    889 -1
  15  1    140 -1    265  1    390 -1    515 -1    640  1    765  1    890  1
  16 -1    141  1    266 -1    391 -1    516 -1    641 -1    766  1    891  1
  17  1    142  1    267 -1    392  1    517  1    642  1    767  1    892 -1
  18 -1    143 -1    268  1    393  1    518  1    643 -1    768 -1    893 -1
  19 -1    144  1    269  1    394 -1    519 -1    644 -1    769  1    894  1
  20  1    145  1    270 -1    395  1    520  1    645 -1    770 -1    895 -1
  21 -1    146 -1    271  1    396  1    521 -1    646  1    771 -1    896 -1
  22  1    147 -1    272 -1    397  1    522 -1    647  1    772  1    897  1
  23  1    148 -1    273  1    398  1    523  1    648 -1    773  1    898 -1
  24  1    149  1    274 -1    399  1    524 -1    649 -1    774 -1    899 -1
  25 -1    150  1    275 -1    400 -1    525 -1    650 -1    775 -1    900  1
  26 -1    151 -1    276 -1    401  1    526  1    651  1    776 -1    901 -1
  27  1    152 -1    277 -1    402 -1    527  1    652 -1    777  1    902  1
  28  1    153 -1    278  1    403 -1    528 -1    653 -1    778 -1    903  1
  29 -1    154 -1    279  1    404  1    529 -1    654 -1    779  1    904  1
  30 -1    155  1    280 -1    405 -1    530 -1    655  1    780  1    905 -1
  31  1    156  1    281 -1    406  1    531 -1    656  1    781  1    906 -1
  32  1    157 -1    282  1    407  1    532  1    657 -1    782 -1    907  1
  33  1    158  1    283 -1    408  1    533  1    658 -1    783 -1    908  1
  34  1    159  1    284 -1    409  1    534 -1    659 -1    784  1    909  1
  35  1    160 -1    285 -1    410 -1    535  1    660  1    785  1    910  1
  36 -1    161  1    286  1    411 -1    536 -1    661  1    786  1    911  1
  37 -1    162 -1    287  1    412 -1    537 -1    662 -1    787 -1    912  1
  38  1    163  1    288 -1    413 -1    538 -1    663 -1    788 -1    913 -1
  39  1    164 -1    289  1    414 -1    539 -1    664 -1    789  1    914 -1
  40  1    165 -1    290 -1    415 -1    540  1    665  1    790 -1    915 -1
  41  1    166  1    291 -1    416 -1    541 -1    666  1    791 -1    916  1
  42  1    167 -1    292  1    417 -1    542 -1    667 -1    792 -1    917 -1
  43 -1    168  1    293 -1    418  1    543  1    668 -1    793  1    918  1
  44  1    169  1    294  1    419 -1    544  1    669  1    794  1    919 -1
  45  1    170 -1    295 -1    420 -1    545  1    670 -1    795 -1    920  1
  46  1    171  1    296  1    421  1    546 -1    671 -1    796  1    921  1
  47 -1    172  1    297  1    422 -1    547 -1    672 -1    797  1    922 -1
  48  1    173  1    298  1    423  1    548  1    673 -1    798  1    923 -1
  49 -1    174  1    299  1    424 -1    549 -1    674  1    799  1    924 -1
  50 -1    175 -1    300 -1    425  1    550 -1    675  1    800  1    925  1
  51  1    176 -1    301 -1    426  1    551  1    676 -1    801 -1    926  1
  52 -1    177 -1    302 -1    427 -1    552 -1    677  1    802  1    927 -1
  53 -1    178  1    303 -1    428  1    553  1    678 -1    803 -1    928  1
  54  1    179  1    304  1    429  1    554 -1    679 -1    804 -1    929  1
  55  1    180  1    305 -1    430 -1    555  1    680 -1    805 -1    930 -1
  56 -1    181  1    306  1    431  1    556 -1    681  1    806  1    931  1
  57 -1    182  1    307 -1    432 -1    557 -1    682  1    807 -1    932  1
  58  1    183  1    308  1    433  1    558  1    683 -1    808  1    933 -1
  59  1    184 -1    309 -1    434 -1    559 -1    684  1    809 -1    934 -1
  60 -1    185 -1    310 -1    435  1    560  1    685 -1    810 -1    935 -1
  61  1    186  1    311  1    436  1    561  1    686 -1    811  1    936 -1
  62 -1    187 -1    312 -1    437 -1    562  1    687 -1    812  1    937  1
  63  1    188  1    313  1    438 -1    563 -1    688  1    813 -1    938  1
  64  1    189 -1    314 -1    439 -1    564  1    689 -1    814  1    939  1
  65  1    190 -1    315 -1    440 -1    565 -1    690 -1    815  1    940  1
  66 -1    191 -1    316 -1    441 -1    566 -1    691  1    816 -1    941  1
  67 -1    192 -1    317 -1    442 -1    567 -1    692 -1    817  1    942  1
  68 -1    193 -1    318 -1    443  1    568  1    693 -1    818 -1    943 -1
  69 -1    194 -1    319 -1    444 -1    569  1    694  1    819 -1    944 -1
  70  1    195  1    320  1    445 -1    570 -1    695  1    820  1    945 -1
  71  1    196 -1    321  1    446  1    571  1    696 -1    821  1    946 -1
  72 -1    197  1    322  1    447 -1    572  1    697 -1    822 -1    947 -1
  73 -1    198  1    323  1    448  1    573  1    698  1    823 -1    948 -1
  74  1    199  1    324 -1    449 -1    574 -1    699 -1    824 -1    949  1
  75  1    200  1    325  1    450 -1    575  1    700 -1    825  1    950  1
  76  1    201  1    326 -1    451  1    576 -1    701 -1    826  1    951  1
  77 -1    202  1    327 -1    452 -1    577  1    702 -1    827  1    952  1
  78 -1    203  1    328  1    453 -1    578 -1    703  1    828  1    953 -1
  79  1    204  1    329 -1    454 -1    579  1    704 -1    829  1    954  1
  80  1    205 -1    330 -1    455  1    580 -1    705  1    830  1    955  1
  81  1    206 -1    331  1    456 -1    581  1    706 -1    831 -1    956 -1
  82 -1    207 -1    332  1    457  1    582 -1    707 -1    832 -1    957 -1
  83  1    208 -1    333  1    458 -1    583 -1    708  1    833 -1    958  1
  84 -1    209 -1    334 -1    459  1    584  1    709  1    834  1    959  1
  85 -1    210 -1    335 -1    460 -1    585 -1    710 -1    835  1    960 -1
  86  1    211 -1    336 -1    461 -1    586  1    711  1    836 -1    961 -1
  87 -1    212  1    337 -1    462 -1    587  1    712 -1    837  1    962  1
  88  1    213 -1    338  1    463  1    588 -1    713  1    838 -1    963  1
  89 -1    214  1    339  1    464 -1    589 -1    714 -1    839 -1    964  1
  90  1    215 -1    340 -1    465  1    590 -1    715 -1    840  1    965 -1
  91 -1    216 -1    341 -1    466  1    591  1    716 -1    841 -1    966 -1
  92 -1    217 -1    342  1    467 -1    592  1    717 -1    842 -1    967 -1
  93 -1    218 -1    343 -1    468  1    593  1    718 -1    843 -1    968 -1
  94 -1    219 -1    344 -1    469 -1    594  1    719  1    844 -1    969  1
  95  1    220  1    345 -1    470 -1    595 -1    720 -1    845 -1    970  1
  96 -1    221  1    346  1    471  1    596  1    721 -1    846  1    971  1
  97  1    222  1    347 -1    472  1    597  1    722  1    847 -1    972  1
  98 -1    223 -1    348  1    473 -1    598  1    723  1    848  1    973 -1
  99 -1    224 -1    349  1    474 -1    599 -1    724 -1    849 -1    974  1
 100  1    225 -1    350  1    475  1    600  1    725  1    850 -1    975 -1
 101 -1    226 -1    351 -1    476 -1    601  1    726  1    851  1    976 -1
 102 -1    227  1    352  1    477 -1    602 -1    727 -1    852 -1    977 -1
 103 -1    228  1    353 -1    478 -1    603  1    728 -1    853 -1    978  1
 104  1    229 -1    354  1    479  1    604  1    729 -1    854  1    979 -1
 105  1    230 -1    355 -1    480 -1    605  1    730 -1    855 -1    980 -1
 106 -1    231  1    356  1    481 -1    606  1    731 -1    856  1    981  1
 107 -1    232  1    357 -1    482  1    607  1    732  1    857  1    982  1
 108 -1    233  1    358  1    483  1    608 -1    733 -1    858  1    983 -1
 109  1    234  1    359 -1    484  1    609 -1    734 -1    859  1    984 -1
 110  1    235  1    360  1    485 -1    610 -1    735  1    860  1    985  1
 111 -1    236 -1    361 -1    486  1    611  1    736  1    861  1    986 -1
 112  1    237 -1    362  1    487 -1    612  1    737 -1    862 -1    987  1
 113 -1    238  1    363 -1    488 -1    613  1    738  1    863 -1    988 -1
 114 -1    239 -1    364 -1    489  1    614 -1    739  1    864 -1    989  1
 115 -1    240 -1    365  1    490  1    615  1    740 -1    865  1    990 -1
 116 -1    241 -1    366 -1    491 -1    616  1    741  1    866  1    991  1
 117  1    242 -1    367 -1    492  1    617 -1    742  1    867  1    992 -1
 118  1    243  1    368 -1    493 -1    618  1    743 -1    868  1    993 -1
 119 -1    244 -1    369 -1    494 -1    619  1    744 -1    869  1    994  1
 120  1    245  1    370 -1    495  1    620  1    745 -1    870  1    995 -1
 121 -1    246 -1    371 -1    496  1    621  1    746  1    871 -1    996  1
 122 -1    247 -1    372  1    497 -1    622  1    747 -1    872 -1    997  1
 123  1    248 -1    373  1    498  1    623  1    748  1    873  1    998  1
 124 -1    249  1    374 -1    499 -1    624  1    749 -1    874  1    999  1
 125 -1    250  1    375  1    500  1    625 -1    750  1    875 -1   1000  1
;

accurracy/m*100 = 94.1

lambda [*] :=
   1 1              251 1.91762e-10    501 1              751 1.43844e-10
   2 3.7925e-10     252 5.18339e-10    502 1              752 1
   3 2.97797e-09    253 0.158926       503 3.53023e-10    753 1.67281e-09
   4 4.36173e-10    254 5.35538e-10    504 2.09839e-10    754 1
   5 1              255 1              505 1              755 3.33474e-10
   6 1              256 1.00087e-09    506 9.69263e-10    756 4.4713e-10
   7 2.30551e-10    257 4.78402e-10    507 1              757 1
   8 2.97422e-10    258 2.61192e-10    508 1.6683e-09     758 1.76726e-10
   9 6.65402e-10    259 2.44682e-10    509 1              759 4.1668e-10
  10 1              260 1              510 4.43525e-10    760 1
  11 2.61272e-10    261 1.29554e-09    511 3.29114e-10    761 1
  12 4.70691e-10    262 6.02282e-10    512 4.42409e-09    762 2.00699e-10
  13 5.71672e-10    263 3.04222e-10    513 2.12988e-10    763 1
  14 1              264 2.92084e-10    514 5.66568e-10    764 5.96968e-10
  15 1              265 8.35813e-09    515 9.25743e-10    765 1
  16 2.83976e-10    266 2.52436e-10    516 1              766 1
  17 1              267 6.94164e-10    517 1              767 1
  18 1.4328e-10     268 1              518 1              768 5.63298e-10
  19 3.14945e-10    269 1              519 1              769 5.95519e-10
  20 1              270 1              520 3.13122e-10    770 8.4126e-10
  21 2.85544e-09    271 4.24836e-10    521 1.34016e-10    771 8.99334e-10
  22 4.46735e-10    272 1              522 3.14493e-10    772 2.80161e-10
  23 4.82446e-10    273 1              523 7.29672e-10    773 1
  24 1.88843e-10    274 3.47906e-10    524 7.67309e-10    774 3.83289e-10
  25 4.16254e-10    275 1.59703e-09    525 3.15514e-10    775 4.25682e-10
  26 2.36565e-10    276 1              526 8.83014e-10    776 1
  27 6.64469e-10    277 1              527 2.2283e-09     777 1
  28 1              278 1              528 8.1258e-10     778 2.87573e-10
  29 2.57633e-08    279 1              529 1              779 1.35135e-09
  30 1              280 4.86601e-10    530 4.71542e-10    780 1
  31 2.07382e-10    281 5.97691e-10    531 8.45873e-10    781 4.15486e-10
  32 6.53033e-10    282 3.25804e-10    532 3.49466e-10    782 9.98274e-10
  33 2.0276e-10     283 2.41139e-10    533 4.7747e-10     783 8.61048e-10
  34 2.35418e-10    284 3.28934e-10    534 6.41045e-10    784 1
  35 4.20176e-10    285 1.81472e-10    535 1              785 1.23146e-09
  36 1              286 1              536 1              786 1.86667e-10
  37 4.11674e-10    287 1              537 1.1596e-08     787 1
  38 2.32914e-10    288 2.93573e-10    538 6.29412e-10    788 1.31446e-10
  39 1.71436e-09    289 1              539 1              789 3.23368e-10
  40 1              290 2.29124e-10    540 4.70171e-10    790 4.7739e-10
  41 1              291 1              541 1              791 3.80536e-10
  42 1              292 1              542 1.39601e-09    792 5.71062e-10
  43 2.88326e-10    293 2.45526e-10    543 1              793 3.87822e-10
  44 4.31575e-10    294 4.11653e-10    544 1              794 2.97103e-10
  45 1              295 3.37309e-10    545 9.92517e-10    795 3.83121e-10
  46 1              296 1              546 1              796 1.94409e-10
  47 7.96876e-10    297 1.52231e-10    547 1.12666e-09    797 2.51192e-09
  48 5.83916e-09    298 7.30381e-10    548 5.68462e-10    798 3.39679e-10
  49 4.77609e-10    299 1              549 1.65097e-10    799 2.64399e-10
  50 4.13592e-10    300 1              550 4.69667e-10    800 5.33463e-10
  51 1              301 2.03076e-10    551 1.49653e-09    801 0.999999
  52 2.68421e-10    302 1.4098e-10     552 3.97367e-10    802 1.87109e-10
  53 5.1397e-10     303 1              553 1.11351e-08    803 1
  54 1              304 2.80886e-10    554 4.34478e-10    804 1.98312e-10
  55 5.53575e-10    305 3.23717e-10    555 2.63849e-10    805 4.02025e-10
  56 6.25019e-10    306 1              556 3.19101e-10    806 1
  57 2.69112e-10    307 1              557 2.15152e-10    807 1
  58 1.15491e-09    308 2.76481e-10    558 1.65586e-10    808 1
  59 1.86316e-09    309 3.38031e-10    559 2.08786e-10    809 4.40203e-10
  60 1              310 1              560 1.78659e-10    810 1
  61 1              311 1.6316e-10     561 5.61229e-10    811 1
  62 3.18442e-10    312 2.82724e-10    562 1.11723e-09    812 3.87919e-10
  63 3.0601e-10     313 4.70389e-10    563 2.51284e-10    813 0.0732356
  64 1              314 5.52849e-10    564 2.43119e-10    814 2.65002e-10
  65 1              315 1.64157e-09    565 1              815 1
  66 5.62131e-10    316 1              566 1              816 1.65213e-09
  67 4.12242e-10    317 1              567 1              817 2.88486e-10
  68 2.5573e-10     318 1              568 1.50996e-09    818 1.14505e-09
  69 1.95486e-10    319 1              569 1              819 3.63758e-10
  70 1.40588e-09    320 9.05505e-10    570 4.60412e-10    820 1
  71 8.48694e-10    321 1              571 2.42296e-10    821 4.93594e-10
  72 1              322 8.64662e-10    572 1.48535e-08    822 1
  73 1              323 1              573 1              823 5.0989e-10
  74 1              324 4.6096e-10     574 1              824 7.18076e-10
  75 1              325 1              575 3.38864e-10    825 1.92578e-10
  76 1.5798e-10     326 1.5518e-09     576 1              826 1
  77 1              327 3.10297e-10    577 1              827 9.33214e-10
  78 5.24247e-09    328 3.40725e-10    578 1              828 1
  79 2.50549e-09    329 1              579 2.80318e-08    829 7.53062e-10
  80 2.17588e-10    330 2.95943e-10    580 1.91807e-09    830 5.63957e-10
  81 9.40831e-10    331 2.29585e-10    581 3.24631e-10    831 4.01802e-10
  82 3.98001e-10    332 1              582 3.90543e-10    832 1
  83 1              333 5.01869e-10    583 7.81832e-10    833 9.11763e-10
  84 3.1721e-10     334 1              584 2.8544e-10     834 4.75296e-10
  85 3.68881e-10    335 2.40325e-10    585 2.82634e-10    835 1.28291e-09
  86 5.34238e-09    336 1.62123e-10    586 1              836 1
  87 1              337 9.54556e-10    587 1              837 3.0235e-10
  88 1.29754e-10    338 4.41951e-10    588 1              838 1
  89 1              339 1              589 4.04539e-10    839 1
  90 6.16235e-10    340 1              590 5.1469e-10     840 3.90683e-09
  91 1              341 1              591 1.36633e-09    841 3.72074e-10
  92 1              342 3.45882e-10    592 1.99346e-10    842 5.8109e-10
  93 3.06595e-10    343 1              593 5.80705e-10    843 2.09253e-10
  94 1.73793e-10    344 1              594 2.04389e-10    844 4.88308e-10
  95 1.55731e-10    345 1.83452e-09    595 3.42958e-10    845 2.60156e-10
  96 1.58158e-10    346 4.0003e-10     596 1.56171e-09    846 1
  97 1              347 2.70017e-10    597 1              847 1.17105e-08
  98 1              348 5.5106e-10     598 1              848 1
  99 1              349 1.82635e-10    599 6.98039e-10    849 1
 100 1              350 4.76468e-10    600 1.58424e-10    850 3.56807e-10
 101 1              351 2.84103e-10    601 2.9099e-10     851 1
 102 5.226e-10      352 1.1057e-09     602 5.14812e-10    852 1.70933e-10
 103 6.72658e-10    353 3.6143e-10     603 2.16111e-10    853 9.66733e-10
 104 3.85196e-10    354 3.90266e-10    604 2.28064e-09    854 3.15051e-10
 105 1              355 2.21922e-10    605 1              855 6.26875e-09
 106 3.83839e-10    356 3.31282e-10    606 1              856 1.74543e-10
 107 1              357 8.82124e-10    607 1              857 2.34441e-09
 108 4.7707e-10     358 1              608 8.31555e-10    858 2.3476e-10
 109 1              359 3.51274e-10    609 4.18019e-10    859 5.74831e-10
 110 5.01091e-10    360 2.10653e-09    610 1              860 1
 111 1.39712e-09    361 8.47873e-10    611 5.51958e-09    861 1
 112 7.56351e-10    362 4.28733e-10    612 1.43722e-10    862 1.37417e-10
 113 3.28282e-10    363 1              613 1.69015e-10    863 1
 114 1              364 7.83645e-10    614 9.08472e-10    864 4.17191e-10
 115 1.46992e-10    365 1.83146e-09    615 1              865 1
 116 1              366 1.67834e-10    616 2.1007e-09     866 3.95046e-10
 117 2.5067e-10     367 2.062e-10      617 1.33216e-10    867 2.8272e-10
 118 1              368 4.728e-10      618 1.43206e-10    868 1
 119 4.40502e-10    369 1              619 4.00964e-10    869 3.15705e-10
 120 1              370 1              620 1              870 1
 121 4.86739e-10    371 3.63303e-09    621 2.23809e-10    871 3.05122e-10
 122 1.22062e-09    372 3.19784e-10    622 1              872 5.84144e-10
 123 1.66543e-10    373 6.42129e-10    623 4.51683e-10    873 4.85915e-10
 124 3.68041e-10    374 5.97904e-10    624 9.18534e-09    874 4.973e-10
 125 1.33417e-09    375 2.57858e-09    625 1              875 7.08491e-10
 126 1              376 1              626 1              876 8.39686e-10
 127 3.84865e-10    377 3.30176e-10    627 3.49902e-10    877 1.5117e-09
 128 4.60524e-10    378 1              628 3.23644e-10    878 1.76519e-10
 129 7.96248e-10    379 3.55838e-10    629 1              879 2.21041e-10
 130 2.96251e-10    380 2.65432e-10    630 1.74337e-09    880 7.05109e-10
 131 2.76158e-10    381 3.18308e-10    631 1.70784e-10    881 2.55356e-10
 132 5.35871e-10    382 2.86218e-10    632 2.72045e-10    882 1.89e-10
 133 1.44414e-10    383 4.41862e-10    633 1              883 6.04558e-10
 134 8.32267e-10    384 2.24271e-10    634 1.12626e-09    884 3.56969e-10
 135 2.48508e-10    385 1.02013e-09    635 3.07108e-10    885 1
 136 2.66585e-10    386 4.81568e-10    636 8.53671e-10    886 6.14754e-10
 137 4.91649e-10    387 1.30794e-10    637 1              887 1
 138 6.98669e-09    388 4.38533e-10    638 8.53867e-10    888 2.60663e-10
 139 1              389 4.01545e-10    639 2.39519e-10    889 3.85183e-10
 140 1              390 5.15551e-10    640 9.64844e-10    890 2.76147e-09
 141 2.4749e-10     391 2.1128e-10     641 3.60947e-10    891 1
 142 1              392 1              642 1              892 1
 143 4.26963e-10    393 2.59863e-10    643 1              893 1.84924e-10
 144 1              394 1              644 3.28871e-10    894 1
 145 2.96165e-10    395 1              645 5.93409e-10    895 2.74644e-10
 146 1.13108e-09    396 4.75521e-10    646 1              896 1
 147 2.77583e-10    397 1.47766e-09    647 1.09998e-09    897 4.04056e-10
 148 1              398 1              648 2.42646e-10    898 1.28238e-09
 149 2.11955e-10    399 5.58219e-10    649 4.32026e-10    899 1
 150 1              400 7.80821e-10    650 1.49648e-10    900 1
 151 1              401 1              651 3.75493e-10    901 1.81115e-10
 152 1.30767e-10    402 4.25422e-10    652 3.26375e-10    902 1
 153 2.36252e-10    403 1              653 3.46889e-10    903 1
 154 7.21938e-10    404 1.97898e-10    654 5.50422e-10    904 1
 155 1              405 1              655 1              905 3.52981e-10
 156 1              406 1.731e-10      656 1.98267e-10    906 3.30835e-10
 157 1              407 1.90465e-10    657 1              907 1.52619e-10
 158 1              408 4.31012e-10    658 2.51578e-10    908 2.28442e-10
 159 1              409 1.69417e-09    659 1              909 1
 160 1              410 3.48827e-10    660 5.81139e-10    910 1
 161 1              411 1              661 2.49391e-10    911 3.34422e-09
 162 7.49804e-09    412 3.71812e-10    662 2.40211e-10    912 2.04164e-10
 163 1              413 5.84567e-10    663 5.89243e-10    913 2.03796e-09
 164 2.62824e-10    414 1              664 1              914 5.75544e-10
 165 1              415 1              665 1              915 1
 166 1              416 1              666 2.90633e-10    916 3.46766e-10
 167 5.56524e-10    417 0.767839       667 1.52753e-10    917 1
 168 2.69909e-09    418 8.04269e-10    668 1              918 2.80637e-10
 169 1              419 3.83132e-10    669 4.10924e-10    919 1
 170 2.67971e-09    420 5.0142e-10     670 6.92639e-10    920 2.87277e-10
 171 4.82232e-10    421 4.83225e-10    671 1              921 1
 172 2.24235e-10    422 6.28394e-09    672 2.26419e-10    922 6.63859e-10
 173 1.42727e-10    423 1              673 8.92077e-10    923 2.53185e-10
 174 1              424 7.38944e-08    674 4.9959e-10     924 1.59477e-10
 175 2.65288e-10    425 1              675 3.04729e-10    925 8.96141e-10
 176 9.18472e-10    426 6.8538e-10     676 1              926 3.65557e-10
 177 3.1935e-10     427 2.57333e-10    677 1              927 1
 178 2.63524e-10    428 6.29161e-10    678 1              928 1
 179 1              429 1              679 2.63991e-10    929 4.75543e-10
 180 1.0345e-09     430 5.739e-09      680 1.26072e-09    930 5.32211e-10
 181 3.69777e-10    431 1              681 1              931 7.46473e-09
 182 1              432 2.92928e-10    682 2.22978e-10    932 2.06856e-09
 183 1.88536e-10    433 1              683 4.16046e-10    933 1.87398e-10
 184 3.53515e-10    434 7.77028e-10    684 2.46966e-09    934 3.70249e-10
 185 1.04818e-09    435 2.95518e-10    685 3.67338e-10    935 5.29192e-10
 186 7.24988e-10    436 1.81819e-10    686 1.41118e-09    936 1
 187 1.9547e-10     437 3.30543e-10    687 5.39973e-10    937 5.25583e-10
 188 1.99227e-10    438 1.73626e-10    688 1              938 4.47305e-09
 189 1              439 1              689 3.53326e-10    939 2.12413e-10
 190 1              440 1.05042e-09    690 1.27366e-09    940 1
 191 2.66172e-10    441 7.39082e-10    691 2.40201e-10    941 3.58836e-10
 192 1              442 3.60135e-10    692 5.05897e-10    942 4.42271e-10
 193 5.74199e-10    443 1              693 1              943 1
 194 1.72622e-10    444 1              694 8.82793e-10    944 4.12428e-10
 195 1              445 1              695 4.43713e-10    945 2.32912e-09
 196 1              446 1.50931e-10    696 4.20038e-10    946 3.35239e-10
 197 2.47544e-09    447 4.59253e-10    697 2.4904e-10     947 1.55011e-10
 198 2.80801e-10    448 1              698 1              948 5.70833e-10
 199 1              449 2.6513e-10     699 2.42262e-10    949 1
 200 1              450 1              700 1              950 1.10044e-09
 201 3.05038e-09    451 3.99971e-10    701 6.7304e-10     951 1.34893e-10
 202 1              452 2.39837e-10    702 1              952 6.11641e-08
 203 1              453 6.29568e-10    703 2.26683e-10    953 1
 204 3.65495e-10    454 5.0558e-10     704 1.53733e-09    954 7.65968e-10
 205 5.34281e-10    455 1              705 1.30275e-09    955 3.11419e-09
 206 1              456 1              706 2.39519e-10    956 1
 207 3.80617e-10    457 3.70531e-10    707 1.75411e-09    957 1.77613e-09
 208 1              458 4.35126e-10    708 3.4417e-10     958 5.73876e-10
 209 2.03484e-10    459 2.63274e-10    709 1              959 3.43831e-09
 210 2.73746e-10    460 1.76434e-09    710 1              960 3.11609e-10
 211 3.33385e-10    461 2.65856e-10    711 4.27154e-10    961 1
 212 1              462 1.05597e-09    712 2.52175e-10    962 2.06893e-10
 213 6.07845e-10    463 3.41203e-10    713 2.77788e-10    963 3.32939e-10
 214 9.86208e-10    464 1              714 7.76512e-10    964 5.4862e-10
 215 1              465 3.7363e-10     715 2.7411e-10     965 1
 216 1              466 2.06327e-09    716 1              966 5.62379e-10
 217 2.1235e-09     467 1              717 1              967 1
 218 4.89063e-10    468 1.59814e-08    718 2.32319e-10    968 3.77588e-10
 219 1              469 2.03888e-10    719 1              969 1
 220 1              470 1              720 8.37258e-10    970 1
 221 2.27318e-10    471 1              721 1              971 1
 222 3.31365e-10    472 2.08995e-09    722 1              972 3.48455e-10
 223 1.68407e-10    473 1.56757e-09    723 1              973 1
 224 1.77702e-10    474 1.76284e-10    724 3.80644e-10    974 1
 225 1              475 1.60286e-10    725 1              975 1
 226 1              476 1              726 2.24752e-10    976 1
 227 5.07444e-10    477 5.87295e-10    727 5.11353e-10    977 1
 228 2.76829e-10    478 1.95974e-10    728 9.69999e-10    978 1.33392e-09
 229 1              479 6.16758e-10    729 3.28218e-10    979 1.37793e-10
 230 2.73891e-10    480 3.07274e-09    730 1              980 1.90168e-10
 231 2.44037e-10    481 2.08516e-10    731 4.88305e-10    981 1
 232 1              482 3.5811e-10     732 2.8422e-10     982 3.46041e-10
 233 5.36409e-10    483 1.92338e-10    733 1.32995e-09    983 3.6058e-10
 234 2.61291e-10    484 1              734 2.98199e-10    984 3.67308e-10
 235 2.27341e-10    485 3.19326e-10    735 2.53984e-09    985 1
 236 3.74634e-10    486 1              736 2.05201e-10    986 6.57864e-10
 237 5.24767e-10    487 1              737 1              987 3.1061e-10
 238 5.25785e-10    488 1              738 1              988 1
 239 8.20784e-10    489 1              739 3.30789e-10    989 1
 240 1              490 3.4157e-10     740 1              990 1
 241 1              491 2.92709e-10    741 1              991 2.75953e-10
 242 2.49275e-09    492 1              742 1              992 1
 243 2.33393e-10    493 6.54766e-10    743 7.04811e-10    993 1
 244 1.03585e-08    494 8.9862e-10     744 2.51751e-10    994 1
 245 1              495 1              745 1              995 3.37927e-10
 246 1.57665e-10    496 8.19553e-10    746 1              996 4.4157e-10
 247 2.36479e-10    497 1              747 4.982e-10      997 5.17713e-10
 248 1              498 1              748 1              998 1
 249 2.26861e-10    499 1              749 2.79472e-10    999 1.45494e-10
 250 8.75449e-10    500 1              750 1             1000 9.41793e-10
;

